[1257.943263, -1797.046865, 925.918855]
[1258.046328, -1797.247657, 924.846859]
[1253.798671, -1801.175159, 935.972361]
[1251.851625, -1804.155991, 932.107413]
[1257.430945, -1793.673963, 941.116521]
[1256.440171, -1794.122897, 942.213854]
[1256.431167, -1794.128278, 942.22372]
[1256.424224, -1794.100057, 942.233043]
[1256.307826, -1793.867298, 942.762939]
[1256.298819, -1793.872673, 942.772806]
[1256.291873, -1793.844446, 942.78211]
[1256.269823, -1793.816671, 943.257594]
[1256.230126, -1793.740004, 943.461821]
[1256.097867, -1793.805563, 943.564866]
[1256.090921, -1793.777333, 943.574158]
[1256.223118, -1793.726469, 943.556355]
[1256.207446, -1793.719804, 943.599214]
[1256.216415, -1793.713523, 943.599214]
[1256.214837, -1793.710477, 943.609298]
[1256.209466, -1793.685293, 943.608506]
[1256.209557, -1793.70028, 943.667909]
[1255.972831, -1793.795208, 943.86907]
[1256.191933, -1793.666242, 943.855846]
[1256.188777, -1793.660147, 943.876013]
[1255.192577, -1791.736173, 950.090263]
[1255.327488, -1791.996729, 952.412327]
[1255.320521, -1791.968463, 952.421496]
[1247.025907, -1799.722463, 952.164017]
[1272.422144, -1783.965219, 924.651514]
[1272.41559, -1783.936753, 924.660362]
[1246.890442, -1799.460838, 952.71354]
[1246.806168, -1799.298078, 953.540207]
[1256.303613, -1793.86712, 954.666018]
[1253.621874, -1788.702655, 959.842751]
[1279.423397, -1779.89132, 914.922501]
[1279.547011, -1780.130059, 914.374638]
[1279.763311, -1779.682817, 914.471471]
[1246.905296, -1799.489526, 964.596992]
[1243.887824, -1794.324476, 970.061218]
[1273.823906, -1768.185623, 953.345437]
[1273.796086, -1768.131414, 953.516357]
[1285.195816, -1776.143793, 907.795317]
[1285.64239, -1777.006268, 903.876028]
[1259.701405, -1848.242773, 930.500416]
[1289.375662, -1759.357366, 931.575731]
[1250.181941, -1782.059071, 980.400808]
[1249.962854, -1781.635946, 981.675414]
[1249.979182, -1781.592372, 981.673962]
[1249.955782, -1781.607477, 981.683844]
[1249.961344, -1781.632721, 981.692492]
[1249.955555, -1781.621849, 981.717809]
[1223.919861, -1812.683903, 974.978896]
[1292.811087, -1757.382819, 926.335199]
[1292.80506, -1757.353761, 926.342329]
[1227.756231, -1830.490951, 967.923169]
[1264.97137, -1770.970969, 981.681814]
[1248.982809, -1779.743173, 987.329155]
[1248.974451, -1779.710477, 987.340921]
[1294.930127, -1770.084772, 893.573087]
[1295.003124, -1770.225752, 892.747985]
[1294.803607, -1769.27282, 893.016337]
[1219.51149, -1815.233804, 978.710808]
[1235.685338, -1800.80046, 990.221072]
[1295.870671, -1769.494188, 892.126986]
[1273.045217, -1855.143337, 913.076985]
[1218.189422, -1815.996866, 979.806936]
[1273.121879, -1855.291396, 912.225103]
[1307.076194, -1829.247562, 942.798544]
[1273.244641, -1855.528488, 911.633552]
[1263.813857, -1860.651703, 923.247431]
[1296.83204, -1768.856937, 890.633554]
[1278.779769, -1852.189161, 905.137556]
[1247.368356, -1737.87515, 898.463113]
[1256.684919, -1864.868702, 930.587169]
[1298.507301, -1768.312583, 886.924514]
[1234.407057, -1740.164155, 963.45308]
[1214.348953, -1818.177042, 982.936]
[1267.384082, -1815.281775, 864.14964]
[1300.150323, -1766.794331, 885.371239]
[1297.811954, -1741.98867, 942.660556]
[1221.355911, -1738.497497, 960.162246]
[1247.864528, -1870.045809, 939.10379]
[1248.077008, -1870.456174, 937.658536]
[1250.0488, -1870.693033, 936.444752]
[1294.902206, -1842.029298, 884.696939]
[1217.288678, -1753.184532, 980.655961]
[1298.412667, -1839.51378, 885.399735]
[1281.72772, -1744.5868, 978.020988]
[1281.638688, -1744.414851, 978.834274]
[1243.483748, -1872.808529, 942.338761]
[1243.615953, -1873.063858, 941.745888]
[1253.397759, -1788.26982, 1007.452451]
[1307.823913, -1748.669021, 901.157873]
[1307.818254, -1748.639749, 901.164409]
[1242.308701, -1873.492842, 943.391464]
[1304.541468, -1820.354383, 874.709841]
[1207.227983, -1822.295359, 988.502089]
[1259.266393, -1799.603984, 848.570096]
[1300.876885, -1838.13758, 876.850043]
[1237.936967, -1875.823746, 948.005116]
[1310.368169, -1747.17631, 896.463606]
[1310.362573, -1747.147002, 896.470031]
[1317.942511, -1820.366668, 878.901071]
[1287.651977, -1725.091111, 897.71426]
[1310.227164, -1755.315252, 878.6506]
[1244.2116, -1770.528477, 1013.508532]
[1313.490745, -1745.375325, 890.040345]
[1305.958827, -1834.951806, 869.110009]
[1305.965681, -1834.947489, 869.099286]
[1306.034073, -1835.079576, 868.248553]
[1306.048515, -1835.062407, 868.227999]
[1306.072388, -1835.548402, 868.062584]
[1306.08805, -1835.324782, 867.745015]
[1306.143045, -1835.290034, 867.658932]
[1212.77751, -1720.201948, 897.01003]
[1225.045421, -1706.32104, 912.300852]
[1317.815096, -1742.774591, 881.850392]
[1317.809683, -1742.745175, 881.856472]
[1278.329408, -1718.129526, 980.922334]
[1311.370302, -1736.899702, 981.685091]
[1312.545895, -1830.775351, 858.419431]
[1214.300767, -1720.845588, 979.29912]
[1190.594793, -1832.371424, 999.229067]
[1291.114947, -1787.575483, 836.839084]
[1314.39018, -1829.595465, 855.279114]
[1333.893315, -1736.725801, 943.599214]
[1333.893096, -1736.725421, 943.601234]
[1347.292978, -1758.812429, 936.81311]
[1314.455973, -1829.722533, 854.428742]
[1315.427176, -1756.928331, 858.519804]
[1314.560534, -1829.924731, 853.839845]
[1314.560611, -1829.924622, 853.839727]
[1185.576543, -1747.665302, 869.40571]
[1185.571257, -1747.641825, 869.386936]
[1271.090767, -1821.481447, 829.981035]
[1241.345471, -1764.993087, 1028.960871]
[1241.33826, -1764.964351, 1028.968204]
[1307.905233, -1795.143751, 839.647294]
[1271.518566, -1823.266755, 829.216112]
[1317.686722, -1827.462516, 849.4927]
[1230.704963, -1694.145943, 959.36072]
[1201.375764, -1808.411708, 1025.867593]
[1222.843363, -1698.479444, 968.043452]
[1212.664848, -1705.462948, 977.730186]
[1257.919823, -1686.020091, 908.077006]
[1254.679952, -1679.762888, 928.360567]
[1254.600777, -1679.610212, 929.145048]
[1254.600261, -1679.608981, 929.145226]
[1202.94481, -1896.409116, 973.124893]
[1202.714537, -1895.964389, 974.57263]
[1305.902254, -1875.272793, 854.878638]
[1305.96797, -1875.399712, 854.013271]
[1305.968595, -1875.400918, 854.007848]
[1201.38286, -1896.716088, 975.440673]
[1273.263898, -1826.632735, 813.180249]
[1277.259343, -1823.841187, 813.180249]
[1273.319948, -1826.745787, 812.338689]
[1176.081788, -1728.183149, 860.7661]
[1175.692001, -1728.575164, 860.421534]
[1265.018451, -1673.625871, 912.981729]
[1198.702309, -1898.529358, 978.437519]
[1264.948472, -1673.366293, 913.383867]
[1284.093846, -1906.344194, 876.097101]
[1255.514991, -1679.075644, 885.673555]
[1284.163552, -1906.478818, 875.224548]
[1284.274706, -1906.693491, 874.598543]
[1266.961152, -1672.100376, 910.2798]
[1257.207877, -1682.352321, 873.8366]
[1332.822831, -1731.934705, 854.203183]
[1168.621506, -1844.35956, 1013.362243]
[1330.875361, -1795.369802, 827.404937]
[1268.616016, -1671.367475, 907.396055]
[1328.723166, -1820.235266, 828.200125]
[1251.022137, -1710.20091, 1025.018377]
[1194.422663, -1900.856881, 979.032002]
[1328.783867, -1820.352498, 827.350459]
[1328.879973, -1820.53734, 826.76292]
[1250.87809, -1709.930059, 1026.130581]
[1267.99589, -1816.448558, 801.880015]
[1268.002509, -1816.476152, 801.868778]
[1340.726533, -1824.407944, 836.73661]
[1272.573075, -1669.525355, 902.459525]
[1248.570134, -1667.962922, 964.128894]
[1242.254923, -1930.166502, 918.986505]
[1337.080679, -1869.275855, 854.114288]
[1328.986324, -1747.891508, 829.920443]
[1331.273169, -1818.682134, 822.065688]
[1329.047351, -1748.00937, 829.097003]
[1246.679368, -1661.854367, 931.621071]
[1329.305514, -1747.669819, 829.182394]
[1329.367557, -1747.789643, 828.348947]
[1259.242461, -1662.346204, 947.728875]
[1180.576951, -1710.329094, 1005.433668]
[1329.464024, -1747.975951, 827.804884]
[1334.955353, -1732.361781, 841.546084]
[1269.177476, -1707.762134, 826.601495]
[1275.350658, -1693.456162, 840.407517]
[1159.985731, -1849.175808, 1018.144776]
[1275.622537, -1693.981245, 836.968897]
[1177.33997, -1716.25799, 842.721045]
[1338.177088, -1728.647818, 839.477489]
[1299.568714, -1801.80746, 795.411426]
[1151.429091, -1696.671401, 939.379386]
[1292.209243, -1883.879224, 822.262706]
[1366.230962, -1777.077474, 1015.9069]
[1260.187159, -1658.5089, 973.924779]
[1260.183601, -1658.483301, 973.908544]
[1322.55158, -1868.827664, 823.211065]
[1284.005103, -1664.783211, 874.57382]
[1171.135646, -1846.686429, 1042.167226]
[1263.031327, -1658.173733, 878.787771]
[1188.176192, -1662.306608, 947.504548]
[1286.509691, -1659.368969, 877.242837]
[1188.075134, -1662.086636, 948.901469]
[1281.281374, -1649.271457, 911.371601]
[1296.818633, -1824.386866, 786.707561]
[1287.135928, -1659.138554, 875.38949]
[1187.653459, -1661.446369, 950.748341]
[1187.698077, -1661.38322, 950.500525]
[1187.693754, -1661.360061, 950.51993]
[1340.661539, -1728.824003, 825.063328]
[1322.481386, -1737.754769, 805.30408]
[1155.067797, -1849.497936, 1038.107577]
[1281.312343, -1671.184216, 842.335519]
[1272.840841, -1707.587723, 1056.201583]
[1268.0461, -1643.828021, 956.421285]
[1186.292729, -1902.251542, 1024.16086]
[1279.210922, -1700.911537, 808.314128]
[1354.318987, -1730.577437, 827.627268]
[1337.872057, -1741.686337, 807.524063]
[1178.167988, -1707.459837, 1038.26119]
[1273.047264, -1715.235903, 792.20226]
[1342.252008, -1811.488657, 795.519596]
[1338.820244, -1741.156754, 804.235372]
[1270.029452, -1820.376, 769.612734]
[1308.601992, -1649.406647, 975.781322]
[1343.773771, -1807.573581, 793.013555]
[1343.387791, -1810.530504, 792.52255]
[1269.800595, -1819.948817, 767.361946]
[1103.788111, -1740.645121, 970.776675]
[1369.91544, -1691.105765, 981.692383]
[1122.45082, -1897.741979, 901.941497]
[1122.460963, -1897.767634, 901.92844]
[1273.185391, -1817.509958, 763.473058]
[1273.19185, -1817.537459, 763.461502]
[1275.993791, -1689.017714, 801.444313]
[1345.846562, -1725.998187, 806.593762]
[1230.547657, -1627.777715, 927.331189]
[1230.542886, -1627.754979, 927.350984]
[1329.851683, -1679.386423, 831.983214]
[1270.53978, -1821.361711, 760.865002]
[1329.9131, -1679.505039, 831.184492]
[1270.557833, -1821.411281, 760.652145]
[1246.595233, -1624.584603, 912.362181]
[1126.5822, -1755.451052, 1042.83834]
[1159.555226, -1900.459361, 1035.997529]
[1315.88328, -1854.101738, 775.790291]
[1276.289085, -1831.597605, 757.371039]
[1212.178226, -1625.145576, 949.731295]
[1214.223402, -1623.345383, 948.042579]
[1184.557976, -1655.318705, 843.514492]
[1184.550484, -1655.289425, 843.51875]
[1150.128566, -1925.799298, 1001.16077]
[1201.133108, -1882.98804, 1078.857971]
[1149.884229, -1925.327408, 1002.61047]
[1344.782716, -1736.783283, 786.394739]
[1180.57989, -1647.635778, 859.032564]
[1078.840266, -1838.10098, 952.142353]
[1201.025109, -1882.77946, 1079.706359]
[1254.063451, -1622.555215, 978.979623]
[1295.487386, -1669.676706, 1051.920661]
[1361.92822, -1680.643478, 1016.968219]
[1148.237604, -1926.811566, 1001.947151]
[1189.008767, -1755.624667, 763.515401]
[1198.784559, -1644.589004, 844.277309]
[1141.724385, -1687.175879, 1024.530543]
[1213.598182, -1623.149911, 888.304544]
[1327.49387, -1681.134222, 808.938763]
[1345.91471, -1735.789914, 783.343801]
[1198.689081, -1772.989707, 754.003893]
[1198.683017, -1772.964728, 753.987436]
[1134.287933, -1844.171649, 1066.314321]
[1345.416239, -1739.189237, 776.880539]
[1307.134123, -1633.531472, 854.38672]
[1189.550127, -1756.670203, 757.4942]
[1256.155013, -1610.21995, 950.51993]
[1150.622181, -1699.484195, 805.738789]
[1142.532889, -1726.635711, 1065.022192]
[1347.183133, -1734.964504, 778.406809]
[1341.903944, -1862.13004, 776.464001]
[1347.263939, -1735.120566, 777.864938]
[1299.330916, -1803.426485, 746.349494]
[1307.51563, -1632.735344, 852.895849]
[1341.954914, -1862.228478, 775.596644]
[1260.133966, -1608.415727, 947.523984]
[1259.730014, -1607.726759, 949.117813]
[1189.38583, -1957.587856, 1009.919244]
[1259.615688, -1607.514238, 950.51993]
[1276.75305, -1734.97916, 1108.479102]
[1276.74685, -1734.949979, 1108.485552]
[1226.079745, -1607.588997, 926.331707]
[1348.618251, -1762.338237, 767.361946]
[1259.961586, -1608.129554, 961.734587]
[1251.52466, -1979.984049, 872.410628]
[1105.235031, -1900.674395, 996.964984]
[1395.231079, -1695.700152, 847.628498]
[1349.028988, -1732.142101, 775.379481]
[1138.171849, -1931.955402, 1006.396509]
[1112.821836, -1920.185373, 874.740895]
[1136.729105, -1933.118059, 1006.386184]
[1136.7283, -1933.118881, 1006.386312]
[1136.57696, -1932.823402, 1006.981774]
[1136.576629, -1932.823582, 1006.981894]
[1136.482146, -1932.641106, 1007.836249]
[1136.481342, -1932.641927, 1007.836378]
[1171.246321, -1971.314704, 963.571388]
[1278.661111, -1609.571008, 979.339034]
[1171.385179, -1971.582881, 962.941505]
[1429.056334, -1734.887019, 870.383369]
[1278.571836, -1609.39859, 980.102706]
[1221.799183, -1633.055825, 1032.832029]
[1114.636032, -1918.66445, 861.632985]
[1170.195593, -1627.565648, 984.629331]
[1111.083605, -1875.794404, 1040.394563]
[1282.658335, -1844.781128, 740.995885]
[1110.506279, -1876.356688, 1039.800836]
[1349.431369, -1763.738903, 760.663934]
[1349.438454, -1763.76489, 760.657321]
[1110.397253, -1876.146124, 1040.698682]
[1110.386783, -1876.119878, 1040.710218]
[1110.21892, -1876.226101, 1040.764445]
[1109.2357, -1877.449071, 1039.739501]
[1235.449151, -1599.693155, 910.672314]
[1158.444621, -1665.3399, 812.86136]
[1158.463254, -1665.375886, 812.711543]
[1158.507752, -1665.463958, 812.107147]
[1158.502446, -1665.451577, 812.099975]
[1158.521051, -1665.487509, 811.950142]
[1350.537442, -1732.214621, 766.846619]
[1350.532815, -1732.18489, 766.85174]
[1158.65075, -1665.738, 810.903356]
[1127.358902, -1735.104668, 1073.613397]
[1303.234134, -1948.565129, 807.570017]
[1299.921094, -1683.827314, 770.190706]
[1127.251895, -1734.898006, 1074.394201]
[1282.97027, -1845.383572, 735.779169]
[1117.552298, -1755.193589, 1073.629744]
[1327.849361, -1779.570514, 742.54784]
[1351.193689, -1731.674933, 764.282845]
[1238.316447, -1731.956368, 737.833103]
[1222.281439, -1728.159679, 1118.50319]
[1150.581319, -1672.826404, 805.320673]
[1255.60787, -1600.556736, 983.276172]
[1356.046637, -1800.829592, 752.367706]
[1317.797088, -1620.174637, 845.587395]
[1230.514813, -1633.092461, 1053.601349]
[1358.175841, -1737.208885, 761.802833]
[1160.313965, -1698.875375, 772.774312]
[1125.44241, -1939.170601, 1010.115867]
[1339.467156, -1685.483181, 777.606362]
[1125.472035, -1939.227818, 1010.243197]
[1101.232771, -1881.128508, 1043.654474]
[1285.349154, -1857.94149, 732.991825]
[1349.730433, -1855.271143, 754.219009]
[1350.385928, -1851.40737, 753.245292]
[1222.140433, -1594.064724, 891.702311]
[1222.06764, -1593.924138, 892.449729]
[1143.538523, -1625.344313, 976.193771]
[1156.346132, -1660.31063, 804.556572]
[1166.113555, -1710.076195, 760.389027]
[1166.108803, -1710.05375, 760.368897]
[1351.529213, -1734.130041, 755.908353]
[1355.779955, -1718.742216, 764.72526]
[1227.113437, -1639.09236, 794.462386]
[1355.842091, -1718.697116, 764.379169]
[1355.837632, -1718.667103, 764.382463]
[1357.516736, -1803.291196, 745.643792]
[1357.880277, -1799.222287, 745.624493]
[1096.716455, -1884.222364, 1043.733788]
[1357.925449, -1799.309528, 744.776983]
[1229.090456, -1630.341582, 1059.914853]
[1096.459429, -1883.725077, 1045.073202]
[1263.989426, -1853.000398, 1134.985841]
[1350.342829, -1969.973729, 851.878222]
[1328.589554, -1848.712746, 736.711434]
[1117.512095, -1924.789772, 825.103675]
[1251.905075, -1594.116124, 859.032564]
[1152.801679, -1652.60929, 805.681898]
[1312.304473, -1946.22176, 786.165219]
[1115.013464, -1936.692311, 1018.095495]
[1117.862235, -1942.957141, 1013.13454]
[1107.872031, -1858.770691, 1077.054618]
[1141.635359, -1656.456601, 1050.128456]
[1107.697686, -1858.825381, 1077.109453]
[1361.667997, -1783.304381, 742.952815]
[1319.630998, -1625.615306, 815.446462]
[1134.439586, -1618.978683, 962.98456]
[1134.353389, -1618.812208, 963.724528]
[1137.078438, -1631.672805, 1009.979284]
[1135.6751, -1617.333804, 964.886219]
[1091.708412, -1886.231267, 1046.498233]
[1320.358688, -1625.121887, 812.816846]
[1219.447864, -1599.432843, 1017.858655]
[1283.709595, -1625.019981, 1062.258193]
[1283.909048, -1624.797174, 1062.131001]
[1342.32074, -1728.828354, 740.132656]
[1359.723406, -1797.809131, 736.878357]
[1133.395939, -1955.056702, 833.403326]
[1133.405249, -1955.079881, 833.385787]
[1102.796103, -1861.465929, 1078.848646]
[1305.210966, -1795.405493, 714.317584]
[1358.477219, -1705.874543, 757.226381]
[1240.96884, -1575.952747, 949.406317]
[1355.624213, -1728.342965, 744.257846]
[1101.355627, -1862.230188, 1079.341414]
[1101.344967, -1862.203661, 1079.352103]
[1360.392643, -1797.236806, 733.746254]
[1095.932005, -1933.725097, 848.506104]
[1253.069363, -1596.141277, 831.448759]
[1240.63434, -1574.498236, 950.704993]
[1360.542549, -1797.107437, 733.028448]
[1290.930613, -1614.377608, 1053.902558]
[1228.983393, -1667.580052, 1111.590128]
[1360.609119, -1797.236004, 732.444762]
[1255.328011, -1600.056287, 820.112723]
[1203.115834, -1619.33875, 799.771794]
[1457.097409, -1709.064035, 971.639595]
[1084.319654, -1890.564711, 1047.417274]
[1200.740111, -1593.639653, 1013.510591]
[1353.323803, -1770.523036, 726.59334]
[1224.034084, -1668.712697, 1117.388438]
[1070.988816, -1784.675693, 1068.690589]
[1105.363468, -1949.436233, 1017.362952]
[1106.791477, -1952.495021, 1014.502475]
[1089.209404, -1937.140254, 850.105221]
[1240.641468, -2026.439006, 921.0974]
[1070.274095, -1785.063466, 1068.937718]
[1251.686901, -1782.795191, 1159.95719]
[1106.200388, -1951.352494, 1018.218292]
[1310.361141, -1791.279649, 705.932349]
[1115.138723, -1968.428011, 1001.770897]
[1236.687729, -1755.982724, 1158.613299]
[1225.673735, -2025.313257, 888.520419]
[1086.302549, -1826.217324, 1092.016773]
[1201.131014, -1594.394609, 1036.534138]
[1240.901131, -1576.933353, 847.577445]
[1099.834529, -1953.57011, 1017.419339]
[1099.471295, -1952.588267, 1018.775286]
[1356.668193, -1850.500723, 724.246183]
[1088.767594, -1868.865434, 1083.352632]
[1260.755044, -1609.496024, 1074.24346]
[1241.157235, -1575.374731, 846.779881]
[1223.369672, -1619.292102, 1084.096255]
[1363.202896, -1797.274081, 719.047498]
[1097.425591, -1951.445131, 1023.731559]
[1359.007398, -1724.975416, 726.943506]
[1285.542564, -1652.624899, 1119.330117]
[1286.35121, -1992.734332, 793.459111]
[1214.201977, -1712.570526, 1151.89275]
[1214.194491, -1712.541257, 1151.897097]
[1051.927363, -1802.324153, 1065.003749]
[1092.377388, -1955.930132, 1019.803839]
[1055.671456, -1793.223879, 1072.861649]
[1198.968219, -1777.004891, 692.56602]
[1055.23572, -1794.981932, 1072.514588]
[1196.985801, -1769.686874, 693.387435]
[1196.993742, -1769.715478, 693.347928]
[1196.994763, -1769.71745, 693.337001]
[1196.987725, -1769.69059, 693.331317]
[1055.563253, -1793.018068, 1073.650481]
[1167.156393, -1682.165052, 730.986653]
[1309.241539, -1797.707369, 688.636008]
[1309.247069, -1797.735256, 688.624904]
[1267.443304, -1815.396152, 683.074673]
[1175.380003, -1637.593174, 756.281067]
[1175.372551, -1637.56397, 756.285883]
[1241.401444, -1550.392102, 962.15365]
[1197.439304, -1770.662811, 688.365356]
[1056.948397, -1873.259758, 1062.775481]
[1076.465251, -1875.394508, 1086.744406]
[1062.876869, -1902.339816, 1051.911878]
[1153.148424, -2022.688093, 974.148425]
[1085.671391, -1960.093535, 1021.262477]
[1144.658721, -1578.20156, 869.593995]
[1085.059037, -1960.753832, 1020.764953]
[1030.729237, -1752.924801, 1039.418773]
[1242.108236, -1887.090718, 694.211406]
[1287.747749, -1717.398816, 692.102498]
[1230.523694, -2034.680043, 845.164995]
[1335.864482, -1764.778559, 692.122549]
[1230.585468, -2034.804524, 844.257777]
[1149.853678, -1575.882999, 1002.890295]
[1219.185368, -1611.211765, 1101.492622]
[1244.585842, -1672.854238, 1152.628369]
[1231.408564, -1558.46466, 839.080562]
[1242.343323, -1887.532855, 690.264284]
[1056.422946, -1905.76471, 1053.053231]
[1056.32175, -1905.407064, 1053.596188]
[1056.168325, -1905.480431, 1053.624224]
[1056.206734, -1905.182112, 1054.437328]
[1087.701887, -1619.334918, 1014.708462]
[1228.441359, -1553.289863, 848.522507]
[1150.204963, -1560.213005, 907.214124]
[1034.672809, -1935.873216, 943.009696]
[1362.529538, -1717.846167, 706.234043]
[1269.738639, -1979.915451, 744.101029]
[1026.528926, -1820.994804, 1057.094975]
[1109.538245, -1600.811607, 1025.07336]
[1346.25495, -1739.626626, 692.434239]
[1194.587712, -1674.689256, 1152.941881]
[1362.567305, -1717.919106, 705.415217]
[1269.78352, -1980.002129, 743.204466]
[1169.336942, -1686.410893, 706.016062]
[1134.571654, -1562.67569, 907.626647]
[1361.315338, -1714.667531, 702.918868]
[1065.099502, -1958.298584, 1024.099386]
[1072.776915, -1967.961023, 1022.361826]
[1036.724555, -1857.250422, 1071.385778]
[1363.891698, -1729.715472, 697.659497]
[1036.617965, -1857.044563, 1072.193901]
[1242.880546, -1575.689344, 1078.843642]
[1193.07852, -1537.427295, 907.859193]
[1285.797825, -1587.532713, 1093.320014]
[1285.794824, -1587.505436, 1093.306651]
[1159.158824, -1551.972505, 872.994518]
[1135.794857, -1561.141212, 877.017848]
[1237.686031, -2043.389579, 820.432544]
[1050.459911, -1840.89191, 1102.757586]
[1204.469835, -1620.236598, 731.225136]
[1132.854154, -1555.46248, 907.297237]
[1132.805685, -1555.368872, 907.446106]
[1166.36905, -1546.652206, 872.926637]
[1166.36376, -1546.62539, 872.92539]
[1166.362916, -1546.623759, 872.924488]
[1166.325113, -1546.567349, 873.068887]
[1132.71129, -1555.186565, 907.413962]
[1132.666674, -1555.100398, 907.836149]
[1132.662265, -1555.089993, 907.889416]
[1132.660932, -1555.089308, 907.890453]
[1132.660746, -1555.08895, 907.892205]
[1132.660376, -1555.088234, 907.895709]
[1132.659516, -1555.086573, 907.894799]
[1132.658099, -1555.083838, 907.899144]
[1132.659047, -1555.070857, 907.83701]
[1132.653305, -1555.059767, 907.891314]
[1132.653119, -1555.059409, 907.893066]
[1132.650472, -1555.054297, 907.900004]
[1165.956043, -1545.85456, 874.262198]
[1165.949233, -1545.824808, 874.262201]
[1291.885013, -1655.289681, 701.154426]
[1221.791735, -1541.758024, 841.971569]
[1202.248448, -1630.829927, 720.802711]
[1132.261157, -1554.317218, 911.652285]
[1132.246985, -1554.275036, 911.714361]
[1272.346181, -2022.738343, 779.459435]
[1041.801598, -1913.488768, 1055.158159]
[1249.032416, -1551.859557, 809.840067]
[1041.212395, -1913.131903, 1056.579969]
[1041.21206, -1913.131448, 1056.582009]
[1177.984562, -1544.226371, 859.028936]
[1396.986162, -1571.3934, 873.749615]
[1047.513721, -1777.471909, 1108.846623]
[1131.209199, -1552.28556, 922.572934]
[1177.259241, -1542.825549, 861.424068]
[1006.961594, -1810.077191, 1050.185014]
[1034.856033, -1921.841024, 1039.747419]
[1246.256621, -1584.285589, 756.285883]
[1206.914739, -1624.95859, 720.555055]
[1149.178929, -2051.385712, 918.373873]
[1363.653345, -1720.016589, 689.357766]
[1188.150138, -1542.341347, 845.932366]
[1110.718682, -1560.538007, 930.58642]
[1198.983133, -1584.781167, 760.988502]
[1249.577518, -1549.520742, 806.120204]
[1072.881973, -1690.282635, 748.388343]
[1021.59463, -1811.465137, 1081.142601]
[1180.722223, -1549.513648, 827.967318]
[1051.338477, -1913.601494, 779.54901]
[1180.715695, -1549.483833, 827.967549]
[1072.927673, -1690.370897, 747.633996]
[1012.529466, -1766.697498, 1064.599954]
[1048.350127, -1890.173575, 1092.675653]
[1159.149383, -2058.707493, 929.375853]
[1318.144503, -1971.800461, 723.389886]
[1318.208036, -1971.923163, 722.713699]
[1096.218202, -1566.052127, 938.539617]
[1251.996484, -1610.74035, 720.775825]
[1251.993028, -1610.714205, 720.760461]
[1155.817593, -2060.35782, 930.647768]
[1091.316737, -1567.649708, 942.18465]
[1091.308111, -1567.620478, 942.186311]
[1017.071798, -1947.534778, 955.442496]
[1033.226388, -1917.328784, 1057.443733]
[1022.422437, -1874.359531, 1072.263197]
[1284.838781, -1847.119164, 653.791942]
[1231.021013, -1649.444613, 689.411945]
[1136.286947, -1957.795633, 1131.001859]
[1136.044746, -1957.679423, 1131.77861]
[1084.153199, -1570.032497, 947.326182]
[1084.1444, -1570.003326, 947.327963]
[1191.730956, -1669.171968, 683.114748]
[1285.575558, -1850.400386, 651.844498]
[1214.834947, -1576.459688, 1105.948787]
[1267.08923, -1620.527319, 1152.941881]
[1252.742181, -1524.429788, 844.702617]
[1013.154588, -1815.676091, 1083.416408]
[1192.195987, -1670.070088, 680.855613]
[1192.188701, -1670.041205, 680.862267]
[1284.434277, -1993.420812, 722.049579]
[1044.566234, -1882.865696, 751.185393]
[1179.61384, -1519.745234, 907.891314]
[1250.941072, -1542.706053, 795.071036]
[1125.782806, -1541.809298, 968.019486]
[1253.23487, -1714.417227, 1205.813669]
[992.331733, -1818.728274, 1051.746564]
[1192.681661, -2069.000976, 852.458861]
[1192.65268, -2069.013999, 852.485403]
[1159.065025, -1593.223052, 1112.321252]
[1159.247971, -1593.074528, 1112.682059]
[1283.888531, -1606.462356, 1145.736395]
[1154.384038, -2069.862995, 924.091084]
[1205.144386, -1512.780962, 893.006989]
[1281.082144, -1841.737011, 643.745572]
[1154.704181, -1524.123701, 909.356934]
[1285.645675, -1605.091674, 1145.737626]
[1285.643049, -1605.076181, 1145.736631]
[1285.641002, -1605.061807, 1145.733422]
[1186.988909, -1514.510745, 907.309407]
[1206.183704, -2068.02928, 834.68391]
[1144.314575, -1816.342677, 1199.389042]
[1023.319927, -1922.515601, 1058.245375]
[1233.111349, -2059.399261, 803.44777]
[1271.695553, -1563.032865, 1103.584201]
[1033.379891, -1898.005084, 1094.822304]
[1369.299237, -1787.361163, 660.731259]
[1369.308966, -1787.379954, 660.45017]
[1154.926581, -1524.553226, 976.536708]
[1059.253661, -1578.700051, 963.575016]
[1169.656634, -1626.53956, 704.987271]
[1066.769393, -1960.00735, 770.192592]
[1244.139467, -2055.722684, 786.262767]
[1201.629663, -1506.667481, 903.148114]
[1201.608958, -1506.617804, 903.264755]
[1194.50372, -1677.098367, 664.589721]
[1194.467568, -1676.954339, 664.624904]
[1196.668507, -1506.351312, 907.896569]
[1120.453581, -1531.513102, 944.046299]
[1120.446958, -1531.4855, 944.037532]
[1179.713126, -2076.17294, 858.779819]
[1201.212384, -1687.483566, 1201.202697]
[1281.875604, -1843.254618, 637.068277]
[1281.881531, -1843.280877, 637.053892]
[1158.118882, -2053.137931, 1048.730164]
[1217.045315, -1503.165426, 892.069193]
[1200.171483, -1504.131134, 907.297237]
[1200.162564, -1504.101958, 907.298113]
[1200.940455, -1686.958387, 1202.184761]
[1199.962035, -1503.766822, 907.890453]
[1199.969554, -1503.760822, 907.890453]
[1199.958965, -1503.761482, 907.899144]
[1199.961447, -1503.74832, 907.831755]
[1199.953116, -1503.737646, 907.891314]
[1199.957517, -1503.736718, 907.887265]
[1259.631835, -1613.089004, 693.924875]
[1041.159615, -1876.286452, 1125.382866]
[1050.110132, -1959.239287, 781.297181]
[967.405699, -1733.84461, 866.87723]
[967.393242, -1733.817736, 866.884587]
[1199.528689, -1503.013063, 911.652285]
[1286.245752, -1851.709551, 637.055257]
[1110.673172, -1573.078315, 1068.5282]
[1199.53412, -1503.008846, 909.075941]
[1163.691812, -1516.622607, 988.705555]
[1163.691444, -1516.621896, 988.706596]
[1286.270765, -1851.743047, 636.346987]
[1286.27635, -1851.768645, 636.331331]
[1174.380278, -2078.911618, 861.9795]
[1365.372529, -1518.713785, 950.51993]
[1026.363657, -1960.537637, 1040.993102]
[1026.099345, -1960.02717, 1042.414347]
[1172.580528, -2079.915658, 862.683416]
[1172.647707, -2080.045403, 861.768795]
[1365.268894, -1717.681211, 660.678674]
[1219.139023, -1722.090692, 1220.365717]
[1034.113281, -1980.450482, 1028.199277]
[1031.875817, -1976.12924, 1032.296124]
[1031.776574, -1975.937571, 1033.146515]
[1304.743403, -2001.029419, 711.742784]
[1121.992594, -2071.637337, 946.6735]
[1122.249516, -2072.054411, 945.065751]
[1014.38019, -1858.827441, 1109.190529]
[1128.807378, -1547.646892, 804.563616]
[1120.458983, -2071.591793, 948.944381]
[1095.082816, -1958.444451, 723.885322]
[1035.643166, -1587.536865, 976.838367]
[1360.847189, -1783.609152, 643.745572]
[1212.956176, -2076.170755, 811.101712]
[1102.561123, -2013.48114, 1084.872736]
[1217.962558, -1564.126705, 1125.177887]
[1008.299109, -1930.595256, 1058.068426]
[1008.264071, -1930.527586, 1058.346436]
[1013.586882, -1857.295316, 1112.278226]
[1008.195158, -1930.393723, 1058.898001]
[1008.181913, -1930.368913, 1058.909941]
[1493.798018, -1605.752034, 931.264447]
[1493.840815, -1605.751783, 931.218011]
[1043.450073, -1790.423158, 704.87956]
[1263.016979, -1506.336432, 1029.665587]
[1264.414209, -1615.860747, 681.194137]
[1477.66916, -1595.19496, 989.881493]
[990.216089, -1829.542452, 1086.493986]
[1362.47761, -1711.167378, 654.773032]
[1007.483386, -1930.702948, 1058.934055]
[1128.293542, -1546.654515, 799.984634]
[1262.790869, -1505.86974, 1030.980312]
[1293.073911, -1727.685297, 631.713165]
[1015.451513, -1907.318352, 1096.501202]
[1173.111595, -1693.666405, 647.243703]
[985.515693, -1830.590572, 1085.95147]
[1241.208865, -1537.932261, 756.52772]
[1303.58716, -1561.626605, 731.400482]
[1311.545693, -1576.623867, 716.113243]
[965.594946, -1793.154672, 1052.175529]
[970.613487, -1681.936168, 998.988901]
[1369.573279, -1785.685631, 639.458593]
[1004.294563, -1979.050882, 874.716784]
[1127.823704, -2082.815741, 901.668926]
[984.893202, -1846.453259, 1084.007831]
[984.78104, -1846.236552, 1084.803722]
[1366.453835, -1793.347643, 636.719554]
[1366.460543, -1793.372974, 636.703906]
[1109.691845, -1897.557281, 668.190953]
[1157.917788, -2048.321696, 765.410958]
[996.095819, -1952.473065, 1024.471437]
[1485.756741, -1590.333514, 981.675414]
[1485.745775, -1590.306307, 981.683844]
[1269.61734, -1540.548361, 1112.894752]
[1213.219981, -1574.478516, 1151.232345]
[1365.286924, -1715.845682, 644.946704]
[1327.108768, -1649.885628, 659.016213]
[1240.064519, -1573.520756, 704.987271]
[1140.193322, -2087.021309, 865.07672]
[1141.568374, -1498.754356, 947.474282]
[1083.312779, -1994.435481, 744.883523]
[1020.70622, -1993.925297, 1026.507045]
[996.030264, -1936.706434, 1058.832208]
[1338.731888, -1618.015791, 678.373713]
[995.727084, -1936.851057, 1058.920489]
[995.713867, -1936.82626, 1058.932407]
[949.190584, -1698.664833, 953.329007]
[1209.15006, -2092.428963, 813.60016]
[1005.324888, -1912.612973, 1097.004106]
[1018.360467, -1995.373987, 1025.570416]
[1018.069222, -1995.279705, 1026.428685]
[1436.661449, -1825.722274, 665.550942]
[1250.188802, -1538.947693, 735.377512]
[1116.709736, -1524.267758, 1036.601835]
[1317.085818, -1625.79279, 662.655058]
[1194.561441, -1675.190726, 1223.927316]
[1194.78344, -1675.067268, 1223.924823]
[1016.187477, -1996.253117, 1026.34082]
[1194.365599, -1674.245476, 1225.34326]
[1270.731299, -1626.862305, 651.929484]
[989.865898, -1939.875144, 1058.770654]
[1396.315793, -1530.852126, 1052.89074]
[1203.03133, -1617.441916, 1199.916841]
[1056.114803, -2056.807863, 969.951193]
[1056.027281, -2056.638832, 970.835451]
[1011.303571, -1999.003172, 1025.227069]
[1136.810004, -2099.641315, 871.748559]
[1106.745838, -1505.03917, 981.797155]
[1137.137155, -1561.11574, 1130.71129]
[1138.835455, -2101.383845, 867.586679]
[1136.27831, -1562.075594, 1131.627073]
