[1314.39018, -1829.595465, 855.279114]
[1156.892297, -1796.011642, 882.6457]
[1155.77605, -1768.404319, 983.690151]
[1149.766925, -1742.179493, 918.742066]
[1238.712264, -1674.079886, 949.036777]
[1254.015713, -1681.655999, 851.007215]
[1285.196264, -1933.313748, 944.920586]
[1385.152231, -1849.738316, 922.594891]
[1209.920522, -1660.032781, 899.293714]
[1392.588627, -1832.729951, 885.82707]
[1325.881847, -1905.758171, 1004.170165]
[1366.410173, -1859.443092, 1008.785267]
[1320.939401, -1907.07489, 1024.494666]
[1165.42241, -1661.321577, 935.075001]
[1268.067262, -1773.383526, 766.362096]
[1381.943434, -1853.784807, 1019.014174]
[1140.305823, -1680.932692, 977.288662]
[1207.380791, -1632.93924, 905.060024]
[1235.774232, -1959.046987, 993.355618]
[1190.067141, -1943.190191, 849.445272]
[1117.504002, -1766.252206, 817.367915]
[1303.378775, -1913.460383, 1056.541539]
[1251.241005, -1948.907795, 1026.334755]
[1300.287441, -1634.285662, 994.3154]
[1283.684311, -1926.58489, 1053.913391]
[1409.436116, -1820.85468, 1023.269268]
[1339.344895, -1884.499611, 1066.328106]
[1322.269922, -1656.850856, 825.133872]
[1391.214002, -1836.768811, 1051.080183]
[1397.249863, -1922.145822, 913.581939]
[1389.201945, -1782.33087, 795.437408]
[1390.612643, -1835.224459, 1058.925149]
[1324.592619, -1890.322684, 1084.441204]
[1276.251739, -1925.924647, 1075.005401]
[1238.653112, -1994.029038, 910.117162]
[1201.378581, -1970.964872, 1013.040066]
[1173.492797, -1889.330949, 769.272069]
[1260.974522, -1659.79548, 781.541286]
[1250.742606, -1939.890569, 1073.781649]
[1332.460835, -1794.804799, 739.203226]
[1270.34412, -1922.054327, 1098.732195]
[1227.438629, -1859.487246, 729.416121]
[1187.129784, -1822.606625, 1128.970108]
[1447.819161, -1739.357291, 863.864377]
[1150.215694, -1984.031721, 921.678076]
[1364.925532, -1735.901187, 754.826392]
[1258.491449, -1927.128336, 1103.038526]
[1303.941724, -1734.425643, 726.716708]
[1293.193874, -1616.928476, 805.58153]
[1087.85661, -1691.439169, 823.575836]
[1292.441172, -1898.132382, 1125.27131]
[1236.523931, -1937.578369, 1104.387487]
[1151.035632, -1986.223502, 995.696139]
[1051.782985, -1695.49289, 951.626896]
[1198.98139, -1960.800338, 1076.662912]
[1200.232751, -1899.016404, 732.56498]
[1174.021722, -1582.398856, 937.462839]
[1215.837204, -1878.955922, 716.178476]
[1251.58287, -1845.917563, 699.312369]
[1116.692922, -1984.718177, 888.093274]
[1288.860808, -1593.694317, 814.827594]
[1459.466976, -1708.088483, 856.132278]
[1172.015159, -1635.458658, 1085.598697]
[1146.748739, -1983.197873, 1035.63541]
[1330.469408, -1857.287541, 1148.276121]
[1259.319036, -1911.386359, 1141.092852]
[1299.576442, -1602.239196, 796.439761]
[1232.166577, -1852.970128, 693.983011]
[1139.753898, -1923.118195, 755.382419]
[1245.113054, -1856.333233, 693.650607]
[1056.124125, -1666.112421, 990.621223]
[1422.284351, -1804.515727, 1106.636692]
[1156.334457, -1673.07566, 740.707755]
[1477.578773, -1695.088842, 921.147645]
[1379.890474, -1589.634615, 979.036366]
[1290.815471, -1579.022658, 811.949223]
[1101.678844, -1994.601162, 974.154599]
[1077.006606, -1929.428171, 805.358032]
[1174.534764, -1914.810546, 719.776585]
[1311.064397, -1749.471556, 687.23825]
[1303.191481, -1868.204367, 1168.020008]
[1153.40294, -1944.709786, 748.412731]
[1345.638398, -1833.288483, 1163.903181]
[1167.659817, -1905.536563, 713.8694]
[1218.884367, -1928.555713, 1146.840673]
[1270.982259, -1556.753252, 839.914673]
[1258.689543, -1732.03508, 1179.278891]
[1193.776358, -1866.383988, 687.521418]
[1318.052939, -1847.511234, 1181.085507]
[1387.390755, -1967.244823, 775.952728]
[1284.130909, -1872.959394, 1182.74256]
[1446.096692, -1933.242885, 807.18779]
[1139.010666, -1934.765827, 732.586393]
[1386.479333, -1576.931384, 1000.135094]
[1312.527944, -1613.118607, 1119.266911]
[1301.906412, -1854.857955, 1189.842659]
[1196.218034, -1931.264949, 1160.043349]
[1146.814948, -1889.652958, 695.852696]
[1205.920224, -1836.056112, 662.468719]
[1287.827668, -1863.134406, 1193.658501]
[1148.043282, -1886.507082, 692.411887]
[1102.95608, -1985.481636, 1061.828335]
[1195.564162, -1910.471458, 685.832525]
[1412.981887, -1573.216609, 933.663019]
[1374.726751, -1790.220488, 1176.707048]
[1515.651789, -1745.980108, 996.450291]
[1287.761786, -1861.69518, 1195.515153]
[1133.573246, -1967.689255, 1112.048388]
[1095.105017, -1948.572443, 757.008015]
[1294.497628, -1550.41096, 803.719467]
[1102.329019, -1949.450747, 747.376658]
[1196.287392, -1921.445283, 1178.876065]
[1410.659097, -1714.749323, 705.389606]
[991.670848, -1674.016827, 929.994491]
[1226.575183, -1895.222679, 1200.797556]
[1378.614306, -1562.269178, 1045.393191]
[1013.01935, -1650.632584, 1006.071961]
[994.643143, -1726.309011, 814.645507]
[1211.226917, -1827.285657, 1217.422874]
[1222.742276, -1894.142257, 1205.220424]
[1312.336932, -2027.286964, 757.021365]
[1188.186219, -1921.690061, 669.756641]
[1315.005509, -2030.68044, 755.755271]
[1321.350853, -1814.090091, 1221.237347]
[1025.503844, -1985.52827, 877.337546]
[1298.059239, -1936.777471, 665.6852]
[1178.215145, -1596.436514, 1143.250378]
[949.040407, -1783.097511, 949.47013]
[1185.614855, -1781.646863, 632.262709]
[1462.942316, -1673.827704, 1116.089315]
[1222.405751, -1880.213131, 1224.942723]
[1136.667299, -1952.41059, 689.913705]
[1005.814221, -1988.462509, 902.672752]
[1207.870117, -1911.899342, 639.867868]
[1125.994148, -1939.445547, 1181.111257]
[1230.711225, -1865.382214, 1238.10128]
[1074.443029, -1968.435155, 1128.226611]
[1378.092813, -1742.805291, 1218.034588]
[1361.099122, -1628.008661, 1178.018249]
[1369.825238, -1502.812333, 882.135585]
[1014.396923, -1961.837815, 790.773917]
[1484.223751, -1588.845203, 842.324024]
[1325.768363, -1745.988075, 617.452226]
[1561.015704, -1734.777477, 1014.619762]
[1306.730926, -1686.755999, 626.705996]
[1069.959602, -1610.680808, 1128.786347]
[1264.903435, -1825.65435, 1257.312221]
[968.471742, -1892.906476, 790.201841]
[1110.194589, -1934.067136, 1195.320167]
[1342.125747, -1692.784728, 624.758681]
[1036.076335, -1683.201726, 1157.836676]
[1432.147517, -1594.533545, 731.179928]
[1310.265426, -1779.606627, 1261.667658]
[1062.533571, -1953.270532, 1165.573577]
[1054.762508, -1957.168972, 1157.24559]
[1237.43404, -1554.920505, 1171.355603]
[1450.048755, -1564.555315, 1087.38123]
[1380.698225, -1519.706372, 1104.286013]
[1134.238946, -1895.296251, 1246.265317]
[984.791796, -2006.534143, 837.71806]
[1344.997895, -1692.653543, 605.354012]
[952.876632, -1982.88954, 932.6851]
[1446.578162, -1524.688083, 812.845092]
[1477.068804, -1547.41558, 815.415249]
[936.105998, -1639.306093, 995.433336]
[971.164184, -1591.264188, 1019.12518]
[1064.887303, -1988.669488, 686.732233]
[952.667378, -1628.693118, 1042.117467]
[1116.860345, -1974.715258, 644.627762]
[1434.925185, -1504.769085, 1045.24701]
[1449.356794, -1502.099287, 1020.087394]
[1328.419368, -1728.018649, 1281.246125]
[1224.076775, -1810.5181, 1295.996993]
[1425.634352, -1550.533877, 717.074173]
[1476.247199, -1502.978771, 925.337433]
[1523.630885, -1631.316668, 1118.412192]
[1004.091117, -1990.209492, 737.28084]
[1353.959913, -1590.377328, 639.577331]
[991.930593, -1883.844474, 681.94901]
[949.920956, -1978.330726, 1042.830119]
[1182.274284, -1938.889717, 593.704913]
[1338.391084, -1709.38881, 1282.357708]
[1501.687661, -1534.820625, 1029.674205]
[1428.878275, -1625.926973, 1216.855577]
[969.657494, -1964.737262, 1115.008356]
[1060.750815, -1912.52682, 1234.581854]
[1397.514744, -1495.729425, 1111.16541]
[1317.192504, -1675.850606, 574.974389]
[1414.642031, -1493.135681, 1092.16781]
[932.872156, -1930.220568, 772.450634]
[976.353686, -1566.236758, 1054.522519]
[1462.903043, -1577.116408, 1161.332843]
[1121.990562, -1975.955784, 618.175858]
[1100.389851, -1669.7131, 1256.951216]
[1142.746499, -1749.329655, 1295.554475]
[949.936772, -1899.843039, 715.142471]
[939.277037, -1969.128653, 1074.523981]
[1246.422931, -1497.659225, 684.983616]
[1312.025191, -1466.680867, 736.817781]
[1109.604649, -1436.116327, 948.890478]
[1341.53805, -1566.741479, 626.290985]
[1502.276877, -1502.578566, 1001.609596]
[1278.75652, -1433.570273, 782.411328]
[1417.933781, -1449.109157, 846.171521]
[883.984223, -1808.642125, 1067.063151]
[1045.435836, -1568.608259, 1175.436703]
[958.166543, -1993.40367, 748.941021]
[856.652864, -1844.676354, 935.068512]
[1125.009117, -1703.698425, 562.178745]
[1466.273455, -1941.788577, 621.800572]
[1097.789779, -1467.715555, 1100.131646]
[1496.013506, -1477.536537, 896.086904]
[1057.861957, -2000.973298, 642.181645]
[923.423948, -1584.596272, 1023.205947]
[1034.376114, -1894.527279, 1257.136397]
[864.143184, -1906.527601, 881.916839]
[911.833012, -1759.971043, 709.933414]
[1062.029543, -1824.07724, 1288.664584]
[1118.907493, -1979.536995, 590.658677]
[1339.777279, -1479.350352, 1172.118768]
[1594.281753, -1609.677836, 1059.484788]
[1448.547237, -1970.331291, 612.437016]
[1345.048862, -1688.455684, 544.089861]
[863.889179, -1920.816079, 976.240829]
[875.210927, -1941.942535, 856.931233]
[1446.585824, -1544.966172, 1194.994193]
[1067.633106, -2000.356665, 620.417232]
[1081.186729, -1996.008462, 609.409724]
[1345.38188, -1753.735456, 525.572558]
[982.430481, -1881.997714, 1237.71808]
[1358.217528, -1604.647184, 571.480547]
[873.233223, -1947.735807, 833.069389]
[1562.318822, -1688.07804, 667.02744]
[1363.122367, -1496.880411, 656.134141]
[881.418975, -1902.966474, 761.007693]
[846.730731, -1916.458587, 903.866917]
[1609.03887, -1800.048477, 697.895471]
[1476.478188, -1528.32723, 687.251625]
[1060.002177, -2004.10191, 610.759926]
[1023.810258, -2011.83945, 640.002112]
[961.656698, -1959.859517, 1199.838464]
[1485.220926, -1465.736407, 1077.782137]
[929.787321, -1526.437436, 1019.442186]
[859.278256, -1948.665995, 1017.610189]
[1231.273555, -1888.074317, 504.525338]
[1023.889856, -1608.779402, 610.876014]
[1137.588677, -1968.050254, 541.512449]
[1277.665926, -1448.006267, 1196.053524]
[1509.373505, -1788.291637, 568.239992]
[1486.085538, -1418.198555, 957.560683]
[1220.629262, -1697.614448, 1362.828527]
[1418.280577, -1518.796723, 1236.985379]
[1512.99887, -1433.926536, 945.950581]
[844.238144, -1890.710801, 775.330166]
[1145.235319, -1422.32015, 710.830526]
[1353.780794, -1518.795236, 594.072358]
[1352.681267, -1512.168878, 596.147018]
[1499.458708, -1530.493052, 663.128833]
[1289.775921, -1802.469933, 480.476796]
[1484.800828, -1419.31365, 1012.9034]
[1094.554318, -1991.233872, 553.834659]
[1158.583282, -1950.599047, 509.434734]
[962.502274, -2021.182494, 654.476257]
[1171.516087, -1565.379887, 539.069256]
[1422.579517, -1399.834938, 759.034717]
[875.663494, -1900.724297, 1183.243895]
[1202.510507, -1463.949387, 1252.257912]
[1390.591182, -1508.531642, 1270.027085]
[1531.328868, -1659.96521, 579.500825]
[864.05723, -2052.835373, 980.08131]
[800.627649, -1873.555709, 1025.187087]
[1437.461174, -1742.774226, 497.935336]
[1453.442052, -1425.974133, 1143.436293]
[881.712059, -1787.059187, 635.38163]
[947.228291, -1506.831952, 708.908444]
[960.458089, -2025.375722, 630.880837]
[776.55579, -1824.983356, 928.060627]
[1354.711819, -1522.027352, 1307.308308]
[1377.442381, -1493.898193, 1279.999889]
[1319.018329, -1726.527649, 458.771044]
[785.098561, -1905.20348, 959.117735]
[1349.945103, -1494.328933, 567.229373]
[1462.997673, -1361.572281, 932.457425]
[1153.294465, -1682.097554, 1390.021912]
[1390.851534, -1469.321117, 598.868999]
[1178.40784, -1984.867421, 487.947198]
[1267.086495, -1528.853737, 522.599482]
[1468.953601, -1751.247024, 494.525242]
[1318.646348, -1721.656092, 451.715819]
[814.955488, -1980.268056, 812.697605]
[935.016202, -1436.136082, 835.631114]
[1457.436675, -1351.460286, 925.327582]
[1232.71189, -1866.258302, 444.795372]
[1402.23862, -1496.363666, 1287.215243]
[1340.773554, -1604.145991, 1376.836383]
[1379.580371, -1389.462121, 1180.21068]
[1534.398848, -1397.3421, 849.32394]
[1067.117293, -1998.64454, 513.692914]
[1112.058358, -1973.361124, 485.384505]
[1136.871668, -1647.57133, 466.702987]
[786.138424, -1887.683983, 1086.506143]
[1170.344884, -1927.023856, 451.865117]
[1068.070229, -1563.052271, 524.16311]
[778.578328, -1827.468467, 1115.749623]
[1267.271957, -1804.464627, 417.810678]
[842.538242, -1845.16386, 1232.226154]
[992.586005, -1595.733647, 1322.944351]
[922.221092, -1948.889497, 1291.215857]
[1167.486443, -1606.642682, 459.349119]
[1344.918155, -1819.796687, 421.574083]
[734.848643, -1785.009417, 934.953072]
[1187.338408, -1588.400618, 1400.218184]
[1310.585587, -1630.110559, 1419.02696]
[755.40399, -1867.289447, 1066.636581]
[1539.746503, -1374.816609, 823.483816]
[760.114117, -1948.51782, 1007.217039]
[1300.5213, -1349.71431, 664.197279]
[924.585748, -1773.824594, 1336.597299]
[1096.508385, -1498.113513, 528.327213]
[922.489075, -1953.342166, 552.38982]
[1296.033409, -1362.340628, 636.758305]
[1405.925714, -1299.092147, 840.161134]
[796.91427, -1749.504177, 666.957161]
[1291.978065, -1462.933732, 521.109963]
[878.869633, -2013.446201, 624.470585]
[1041.660719, -1975.401762, 477.0776]
[1382.368757, -1337.294612, 698.586418]
[1423.936417, -1602.306455, 465.102269]
[820.985969, -1713.758748, 628.411824]
[743.470725, -1916.835484, 823.749526]
[1003.90774, -1618.66793, 1368.45944]
[1167.167107, -1423.511333, 555.769649]
[752.029181, -1887.946587, 1094.973458]
[761.268435, -1770.451385, 718.123216]
[855.704756, -1790.915124, 1292.257682]
[1322.608215, -1421.856204, 1311.585905]
[1048.920871, -1431.367058, 1274.644813]
[1107.070499, -1960.288661, 433.121469]
[1081.651858, -1469.157824, 531.444091]
[1064.620578, -1634.651853, 1413.061652]
[909.075607, -1607.624859, 1305.647692]
[1254.62233, -1313.565776, 675.891003]
[788.26194, -1522.475117, 1011.737078]
[980.290386, -2027.495264, 515.890651]
[892.823548, -1389.926966, 986.972001]
[1305.940406, -2070.934938, 457.575895]
[722.21572, -1833.394798, 1063.410183]
[1275.270015, -1445.907902, 1351.212199]
[712.394606, -1832.336308, 1019.274687]
[798.530214, -1544.246317, 753.142708]
[1212.17475, -1249.47065, 947.584798]
[1124.286904, -1840.31894, 397.285188]
[1343.089929, -1557.150392, 443.448975]
[756.264398, -2032.279498, 960.179253]
[1039.99333, -1775.76556, 1438.34785]
[1407.512549, -1285.767755, 1070.851362]
[1127.186456, -1259.170554, 935.972528]
[1327.451418, -1424.686094, 527.598123]
[1057.344681, -1466.180567, 531.275578]
[1442.670727, -1964.98866, 436.994704]
[702.122765, -1823.211859, 982.727436]
[1367.400017, -1529.759316, 455.316931]
[1416.221674, -1332.890688, 1189.680091]
[1284.978839, -1729.038258, 376.182782]
[865.941076, -1417.022156, 1065.68108]
[882.888052, -2030.655341, 580.865845]
[1124.95588, -1402.749187, 553.433407]
[928.542191, -1417.671006, 1184.608742]
[702.046396, -1817.100743, 1030.757807]
[1294.191015, -2058.998952, 435.319935]
[1239.324933, -1321.056649, 631.135497]
[1393.261107, -1260.505533, 1047.187317]
[1131.593753, -1925.440956, 387.916929]
[1149.828762, -1508.394692, 1414.528115]
[1411.804206, -1398.001448, 1312.306646]
[743.864389, -1778.261258, 1197.788765]
[1242.972635, -1782.399692, 349.479437]
[781.937495, -2004.453469, 659.341375]
[750.535142, -1982.627775, 701.450355]
[1508.665061, -1334.547498, 679.522186]
[1313.926143, -1441.749028, 1390.261996]
[1286.651638, -1343.183799, 1299.270329]
[1079.759823, -1956.083045, 392.390935]
[943.665183, -1473.436061, 544.641337]
[1053.045033, -1559.943167, 1432.651623]
[1069.468896, -1244.390166, 822.817373]
[1355.865657, -1304.437047, 1243.459594]
[1488.2991, -1334.316294, 642.00679]
[1777.841163, -1519.816831, 895.962886]
[1047.351219, -1529.116357, 1421.093474]
[731.640378, -1650.105671, 680.293782]
[1318.573474, -1438.530213, 457.3856]
[1027.490359, -1249.199173, 851.140164]
[1314.587755, -1563.093676, 381.476695]
[914.917424, -1311.632763, 827.415065]
[917.45318, -2022.291329, 484.310512]
[747.976912, -1719.80805, 1249.691639]
[1010.795391, -1539.090449, 1419.153156]
[1029.526875, -1324.008831, 626.740907]
[1511.762831, -1312.005361, 676.842676]
[1250.544267, -1738.341498, 327.120239]
[780.43705, -2010.571072, 615.997805]
[1308.548122, -1195.312771, 855.694172]
[847.649747, -1508.236031, 577.349931]
[1343.109183, -1644.690553, 343.711783]
[645.000962, -1724.404106, 941.501243]
[1044.901126, -1490.937612, 1417.794327]
[952.078641, -1269.953917, 1013.544505]
[1106.201182, -1486.154996, 421.620838]
[1438.865422, -1329.811265, 574.436095]
[1219.323079, -1777.729285, 314.355592]
[1279.071112, -1186.649163, 1036.217769]
[856.753347, -2023.535207, 509.102367]
[1568.381776, -1736.914821, 396.854181]
[728.314262, -1785.750071, 1268.506229]
[1262.623434, -1265.864526, 1258.802346]
[681.733225, -1555.822857, 1006.991524]
[728.460923, -1679.396032, 1249.382825]
[886.465789, -1434.455332, 573.061079]
[988.404397, -1353.810453, 573.70484]
[675.267718, -1685.955522, 709.78073]
[1560.853539, -1249.628449, 891.315855]
[919.433926, -1401.934884, 570.950502]
[1222.819857, -1571.423289, 1516.655343]
[898.256645, -1555.332153, 1392.665082]
[1059.938603, -1419.458052, 460.30976]
[1515.345474, -1503.61834, 434.008185]
[829.135239, -1466.283024, 594.378224]
[1540.764324, -1264.697174, 737.903179]
[746.876482, -2057.196001, 647.798247]
[1002.984933, -1221.736978, 824.756322]
[941.275725, -1359.297274, 1270.046452]
[1249.933416, -1291.25269, 543.095729]
[1479.353756, -1235.02457, 1129.28897]
[1269.306956, -1638.178893, 311.390703]
[698.214828, -1970.702431, 661.215996]
[655.074625, -1947.793015, 1102.830323]
[624.831598, -1656.334374, 914.805812]
[1519.660895, -1240.581498, 1116.77592]
[680.168213, -1666.430091, 663.318048]
[1392.310185, -1305.275954, 1324.599157]
[1535.361983, -1222.765711, 1018.013807]
[625.558761, -1647.441835, 896.355654]
[637.065173, -1662.841396, 1083.633715]
[955.017189, -1265.618045, 704.462126]
[1282.963092, -1553.444549, 326.565941]
[1224.480506, -1631.377097, 1558.971668]
[796.60471, -1389.435309, 1155.706396]
[1616.833485, -1287.156227, 1121.52312]
[1004.866492, -1956.112115, 344.322889]
[816.184371, -1645.683119, 464.591248]
[601.443902, -1751.958922, 853.286044]
[839.449282, -1346.415632, 687.403815]
[1289.871826, -1413.134146, 1465.265849]
[1265.653041, -1592.843651, 300.958435]
[1389.970869, -1270.038401, 554.46466]
[790.452174, -1429.570325, 631.483952]
[1146.833671, -1999.023799, 306.993079]
[1302.779229, -1487.68343, 344.157866]
[616.317294, -1624.581934, 1015.073213]
[1106.635742, -1634.742614, 1560.448185]
[1214.97136, -1704.351495, 268.557022]
[1439.884889, -1203.480023, 1175.041104]
[1064.912145, -1669.046546, 1559.894884]
[790.137105, -1455.518137, 583.67328]
[1206.711604, -1709.518058, 262.589144]
[1065.784981, -1286.68456, 1337.599952]
[1212.110084, -1974.910795, 273.47321]
[602.04477, -1598.448391, 900.357561]
[716.35987, -1987.150825, 554.051647]
[1164.535052, -1122.121805, 880.30177]
[1027.178159, -1914.910567, 296.441203]
[1214.638407, -1424.856784, 358.122923]
[970.710143, -1644.646913, 326.616755]
[1249.81648, -1990.761171, 274.088157]
[931.662176, -1196.706563, 991.942515]
[901.952053, -1403.541375, 1368.5841]
[1047.851877, -1244.505004, 1283.564695]
[574.706835, -1728.39578, 835.153852]
[1129.446264, -1309.344025, 458.94982]
[1212.152506, -1397.329774, 367.93752]
[1121.230996, -2067.742268, 308.05223]
[1058.868793, -2213.136791, 412.321234]
[618.873639, -1908.924897, 676.294454]
[840.658474, -1994.178455, 409.168612]
[1112.877809, -1168.16296, 1185.264017]
[621.256416, -1545.033984, 1082.148492]
[1463.144399, -1938.338582, 273.047723]
[1648.980133, -1215.410669, 904.248317]
[740.327808, -1719.811789, 1410.545338]
[1326.001027, -1821.039656, 224.5713]
[625.982494, -1499.599248, 1089.921488]
[683.085666, -1375.816215, 854.762775]
[806.869221, -1400.509671, 1320.043183]
[1165.892443, -1703.571908, 226.174831]
[1227.69606, -1534.234662, 261.197864]
[644.157847, -1412.352711, 929.109949]
[1069.605704, -1099.670428, 952.99701]
[667.315242, -1958.543774, 537.620558]
[913.596163, -2005.634075, 325.597487]
[675.629417, -1379.202881, 1066.454063]
[764.52066, -2315.76925, 782.073739]
[896.28972, -1845.775649, 297.197954]
[854.404607, -1187.387148, 932.075469]
[1225.27408, -1490.152918, 268.74729]
[694.459588, -1413.370913, 1201.273115]
[907.802859, -2088.177591, 352.934622]
[1440.369602, -1564.036941, 260.531107]
[980.462807, -1651.185975, 1594.412967]
[634.953335, -1400.476553, 928.17934]
[1053.882448, -1227.538528, 510.279323]
[1132.437439, -1712.254336, 206.850426]
[634.712882, -1408.066309, 1035.586902]
[1893.298297, -1476.959743, 746.391665]
[733.392466, -1274.056382, 1003.529106]
[629.117599, -1587.242609, 587.851566]
[597.798989, -1904.396901, 598.698752]
[1350.570912, -1500.466578, 251.009476]
[727.557591, -1964.423848, 424.510111]
[650.527687, -1942.403714, 505.149052]
[1111.948867, -1454.75447, 275.175557]
[1477.170674, -1380.245302, 345.043978]
[937.972518, -1894.907037, 253.264333]
[538.903521, -1806.992615, 690.958665]
[1363.930923, -1314.26249, 1498.271602]
[956.192022, -1242.704572, 1346.33075]
[1536.017769, -1097.133132, 874.925096]
[1510.342366, -1082.502387, 999.526722]
[1147.015831, -1250.889893, 1453.49282]
[672.772561, -1532.541644, 1355.388723]
[520.424261, -2016.234545, 988.890813]
[667.275169, -1940.550417, 453.896922]
[1142.022399, -1606.376353, 191.026144]
[627.331507, -1920.957189, 493.506745]
[538.173632, -1828.070358, 630.324741]
[990.355817, -1208.364223, 1363.627539]
[717.120921, -1514.517577, 442.995094]
[570.106412, -1439.519567, 830.663324]
[581.379907, -1574.840256, 596.885382]
[832.262782, -1627.999726, 1566.598864]
[1364.03801, -1633.709609, 1687.132459]
[1419.00642, -1652.429808, 178.370996]
[831.051148, -1294.057929, 1356.311136]
[1056.39681, -1163.043071, 511.108272]
[564.272837, -1868.4173, 554.496963]
[1046.729479, -1160.143901, 508.794907]
[1020.707976, -1351.378098, 1549.409366]
[1060.461199, -1175.501059, 460.006169]
[799.981264, -1896.962787, 273.465706]
[1138.446398, -1461.127093, 207.814018]
[1625.335315, -1083.425625, 943.777451]
[806.055212, -1888.80238, 263.07827]
[1195.3623, -1377.907339, 238.582718]
[1701.455224, -1666.835717, 267.053628]
[1106.090576, -1535.156892, 173.547362]
[842.825056, -1579.945926, 257.536862]
[788.24514, -1143.461254, 1094.759684]
[992.93066, -1090.236065, 608.213427]
[1389.354268, -1569.53558, 152.440091]
[1368.292349, -1014.524977, 1158.306914]
[602.847189, -1872.119098, 421.390047]
[713.174543, -1884.569862, 306.827584]
[820.617938, -1114.534657, 738.374396]
[938.421359, -1141.627736, 526.162402]
[952.123767, -1103.580188, 572.537476]
[879.724006, -1797.559066, 181.559543]
[1486.142387, -996.685981, 856.397634]
[1764.136305, -1137.272718, 1002.312816]
[1041.665018, -1406.377377, 218.463079]
[707.154726, -1401.105472, 426.172904]
[448.251002, -2004.459194, 1067.741303]
[1239.415876, -1388.358694, 1666.828226]
[979.738349, -1651.933624, 145.268386]
[725.928007, -1338.581292, 1405.571221]
[1648.293098, -1186.471376, 1362.011798]
[487.243835, -1431.765041, 938.278683]
[500.949312, -1763.780602, 535.929422]
[802.317205, -1500.364227, 272.136201]
[875.154285, -1043.783736, 1060.501583]
[937.441416, -1703.237588, 142.959344]
[719.082614, -1323.601633, 1396.993906]
[880.947869, -1971.795674, 180.96512]
[1051.038949, -1482.92345, 160.193535]
[467.261855, -1629.028273, 633.442218]
[1129.668256, -1235.536891, 1565.121178]
[890.711626, -1740.719341, 154.798841]
[872.902985, -1032.888927, 1029.797333]
[484.649981, -1724.65112, 551.259631]
[738.322214, -1476.953268, 319.357938]
[1024.004654, -1226.060254, 326.773384]
[1440.094582, -981.111962, 715.506974]
[1392.58927, -953.072392, 1064.267566]
[919.79706, -2063.159383, 175.822038]
[869.839676, -1386.201072, 1589.371394]
[803.617795, -1781.559685, 186.369004]
[470.276003, -1536.534956, 652.88782]
[489.486393, -1725.950327, 516.485919]
[1343.008483, -1007.997187, 567.82726]
[1375.713024, -1727.218, 61.817352]
[729.164629, -1792.55989, 221.251355]
[827.249043, -1752.095841, 159.060615]
[521.009388, -1418.250453, 608.344363]
[917.296168, -1028.643103, 1211.961702]
[601.94956, -1730.402791, 1528.516676]
[702.885289, -1780.429272, 228.748993]
[468.723716, -1653.377464, 530.781406]
[721.774635, -1805.720007, 1646.578918]
[1210.064053, -1336.564474, 1693.095024]
[1588.033868, -1609.927749, 123.523724]
[966.953577, -1306.825978, 1618.873665]
[1354.952718, -1986.393116, 61.744866]
[1018.732586, -1313.213715, 214.940754]
[738.668587, -1182.971844, 528.348837]
[1557.293751, -1348.482035, 1646.184474]
[949.179175, -2021.724453, 112.793156]
[1778.105787, -1211.262305, 492.061331]
[968.228637, -1068.297934, 1374.922182]
[829.924004, -1385.166448, 1609.737654]
[924.304124, -1510.670852, 1719.352467]
[474.662469, -1476.479053, 603.892107]
[801.799878, -1693.561521, 153.159046]
[1020.056181, -1297.934125, 1646.606083]
[681.767915, -1758.018684, 229.882505]
[638.379824, -1767.149348, 264.129801]
[933.511695, -1501.232761, 133.663459]
[860.159423, -2006.102927, 137.841749]
[1667.419157, -1213.627145, 368.902663]
[1529.189076, -1589.962653, 87.933835]
[1290.20723, -899.280514, 1094.282779]
[987.292997, -939.759387, 1100.501593]
[721.652084, -1051.82252, 962.649014]
[973.338056, -1970.670547, 72.474439]
[896.883196, -1486.440538, 136.205621]
[881.550879, -1474.123898, 1713.962292]
[849.351483, -1653.236148, 1751.534777]
[854.200855, -1513.497306, 1720.154809]
[1814.383813, -1250.334261, 426.215008]
[716.123955, -1471.74801, 1619.80814]
[1357.822935, -882.787687, 772.953284]
[477.510106, -1569.334969, 454.42171]
[997.248051, -925.722593, 1163.919826]
[814.743839, -1541.840893, 137.683189]
[949.14567, -1172.901485, 1565.992351]
[504.669069, -1402.311863, 504.945091]
[812.364212, -1748.568041, 1770.095679]
[613.361789, -1534.135921, 1584.610281]
[714.628365, -2026.250432, 170.968012]
[533.698538, -1592.822843, 329.718521]
[1182.610836, -979.86092, 430.5913]
[763.58845, -1317.557144, 1605.117198]
[1868.475052, -1060.358472, 1009.325725]
[521.352787, -1179.64882, 1066.76427]
[553.338053, -1567.583384, 302.128571]
[323.121958, -2053.671294, 1021.917829]
[1403.189821, -1471.296076, 26.159165]
[733.505951, -1448.431364, 184.095206]
[1098.976066, -846.392596, 1075.559465]
[984.660841, -1120.109954, 1578.103447]
[938.221348, -1275.648966, 1691.411466]
[975.791201, -1457.805526, 1803.712006]
[675.164222, -1483.503567, 204.883901]
[1083.15305, -852.694211, 1126.342461]
[713.160755, -1585.151953, 138.439445]
[1367.250295, -1540.060901, -10.74737]
[888.398847, -1341.837769, 1721.163616]
[1258.972371, -813.958556, 962.130147]
[617.281791, -1083.120552, 1186.613533]
[428.042884, -1681.488067, 1468.735968]
[917.617135, -899.335045, 1190.99367]
[710.728202, -996.429103, 695.837415]
[612.66991, -1087.947238, 638.648802]
[531.356747, -1514.160536, 298.350231]
[808.260409, -1575.098353, 1801.547958]
[585.676856, -1735.558117, 1682.947695]
[1184.485119, -1180.856062, 1726.286417]
[446.082533, -2154.997693, 439.619148]
[302.629179, -2095.839638, 1100.903949]
[1321.594939, -1887.306229, -76.89972]
[982.625528, -849.013913, 1182.870527]
[401.547105, -1237.002919, 991.94009]
[1188.863902, -1940.381866, -82.781789]
[763.665974, -1031.05911, 456.791585]
[1322.756214, -1458.365296, -37.299068]
[1247.889714, -1511.133104, -57.618592]
[701.709711, -958.004037, 1158.697948]
[864.878006, -873.316744, 682.048782]
[673.981402, -1483.025704, 133.624523]
[660.368905, -1004.805426, 1234.410325]
[1350.837719, -874.513185, 1389.322773]
[1162.357212, -1883.611699, -98.459109]
[1052.442565, -1028.203955, 1596.201063]
[772.438689, -896.457202, 739.111451]
[402.414985, -2400.902679, 797.063738]
[271.135187, -1895.34493, 1299.096654]
[1459.178921, -1273.985324, 37.963051]
[672.064538, -1892.987019, 48.990548]
[321.725564, -1919.359049, 1420.189349]
[793.924976, -1021.606615, 366.453754]
[943.019639, -1457.988768, 1890.228873]
[271.309215, -1969.067954, 1307.728133]
[717.769846, -1255.446412, 1680.758854]
[1298.842959, -1563.396991, -113.901429]
[844.45789, -1049.100167, 1578.105148]
[1088.585612, -1413.605038, 1917.555641]
[567.415185, -1654.371324, 117.137841]
[404.4981, -2083.734436, 335.527848]
[483.305228, -1385.037981, 1558.151687]
[1209.600956, -1886.011931, -148.19697]
[804.753563, -1046.35248, 290.374293]
[770.868569, -1725.346702, -44.511082]
[686.293351, -1523.554548, 1820.775353]
[838.41869, -1476.619272, -27.915441]
[1436.100695, -1126.298059, 1784.723088]
[1075.381091, -1396.692901, 1948.954662]
[1292.818039, -1423.025452, -114.804609]
[1384.728554, -1586.205257, -153.662689]
[640.183416, -1605.918916, 1842.750567]
[1101.651481, -928.55591, 1615.042126]
[573.269677, -1204.166437, 1601.297342]
[1458.75807, -1736.35297, -181.93082]
[894.84251, -1253.017333, 1859.141737]
[609.165402, -1036.695294, 372.445054]
[579.40418, -923.742287, 635.122485]
[252.414345, -1664.630816, 1464.269615]
[675.096942, -1584.430665, -35.100031]
[705.6055, -1355.027213, 25.433676]
[1304.210703, -1768.552237, -215.965346]
[969.143044, -1277.723023, 1912.513794]
[1272.433888, -1697.153269, -215.239426]
[128.322095, -1944.363575, 1117.218426]
[106.809612, -1798.791499, 1020.735531]
[525.078959, -1475.518132, 1761.144103]
[1047.392604, -1066.358749, 1795.838135]
[924.996143, -1190.214764, 1853.447971]
[671.29182, -877.535908, 546.056957]
[1386.085722, -953.368742, 1707.731174]
[823.336236, -1864.429477, -150.045155]
[1836.536412, -838.301571, 1246.573303]
[1477.239032, -850.009199, 1574.600372]
[707.596227, -2024.956485, -77.490641]
[942.899084, -919.615136, 1640.159617]
[578.12501, -1041.859361, 1522.872002]
[701.064507, -1309.090095, 1844.548879]
[1296.446303, -971.380454, 1764.347344]
[493.860313, -916.04103, 743.193331]
[1892.676248, -823.754459, 1131.605594]
[593.540161, -1724.469317, -49.411002]
[1027.108091, -961.51674, 1737.762576]
[1169.850021, -1910.411445, -252.653861]
[611.278908, -1521.273591, 1897.79917]
[1096.425162, -2032.45859, -232.151611]
[217.752807, -1873.313273, 1537.94136]
[592.054706, -845.217599, 589.12344]
[291.244918, -1371.038204, 1525.70924]
[420.329312, -1141.602407, 1514.845322]
[1087.267432, -1152.231689, 1941.117203]
[1255.222248, -1896.141495, -279.95547]
[413.02994, -1009.443252, 1322.295559]
[394.034591, -935.775878, 975.210429]
[1343.268858, -1725.147274, -282.209403]
[525.267228, -849.293834, 690.420344]
[1309.4511, -985.281807, 1840.704841]
[1226.054819, -1741.155091, -290.625354]
[1749.373863, -719.519079, 628.355197]
[987.292648, -966.096757, 67.113661]
[747.507256, -1859.661361, -186.469083]
[992.721216, -1550.499874, -248.992246]
[624.332487, -776.63227, 644.08035]
[644.414526, -1693.714599, -138.420375]
[818.304249, -1063.597928, 1823.93098]
[94.111244, -2006.114973, 555.500192]
[659.16115, -1935.015652, -146.233642]
[815.240571, -698.035636, 1313.152207]
[215.144166, -1164.936553, 665.684522]
[1110.158929, -1068.189481, -71.279836]
[516.879492, -793.547169, 845.457875]
[719.346786, -1656.09294, -190.671138]
[1950.805772, -826.396139, 563.371048]
[1237.891281, -1795.442506, -321.437873]
[642.023959, -705.211936, 918.281109]
[498.194369, -1612.368141, 1912.09995]
[1063.442417, -1176.158387, 2002.046964]
[1085.469902, -1246.590791, -184.707655]
[1005.485814, -567.863899, 971.899659]
[700.103518, -1381.950535, 1977.461911]
[817.700563, -630.057275, 1133.364532]
[1226.639404, -1518.952604, -305.441953]
[30.499758, -2030.417786, 1165.123622]
[1035.400702, -1431.404017, 2123.419511]
[694.873913, -828.610845, 330.855047]
[1035.734284, -1359.100236, 2102.653401]
[1539.067164, -1219.400391, -165.974659]
[1020.596157, -1996.458335, -304.028821]
[681.70313, -1385.597051, 1988.621743]
[693.042385, -720.748293, 1313.120442]
[1045.689164, -2036.100185, -304.404046]
[796.27588, -1846.145947, -258.711885]
[398.942579, -902.800324, 602.376529]
[150.635273, -1677.374417, 1570.028837]
[1159.274518, -840.008373, 83.18513]
