[1270.982259, -1556.753252, 839.914673]
[1226.575183, -1895.222679, 1200.797556]
[1378.614306, -1562.269178, 1045.393191]
[1472.937602, -1682.37439, 1086.576708]
[1486.044359, -1568.251058, 940.979484]
[1377.102296, -1430.426809, 784.690448]
[938.3695, -2040.963185, 1122.529073]
[1041.84465, -1428.958217, 1113.212521]
[1171.952048, -1600.692404, 456.250372]
[711.065149, -1746.059497, 982.280877]
[1499.009578, -1322.363335, 1063.719597]
[1446.340874, -1388.742365, 591.603094]
[1224.762488, -1225.91329, 1094.714873]
[1403.970063, -1267.264609, 660.248464]
[1116.879859, -2182.460543, 455.789476]
[675.595398, -1883.717882, 1163.444347]
[1678.169927, -1597.887513, 508.529786]
[1792.771667, -1463.624595, 851.61646]
[1797.099945, -1546.532748, 702.425145]
[620.499006, -1747.752407, 818.289202]
[630.533044, -1626.255441, 988.529366]
[647.317024, -1991.114136, 769.790457]
[812.83233, -1659.796932, 1396.885406]
[1072.012387, -1572.519011, 324.852986]
[1105.072498, -1254.949804, 1306.65557]
[633.502857, -1563.659019, 1074.741382]
[595.248499, -1770.691643, 749.882853]
[545.366549, -1717.418869, 973.837709]
[550.557521, -1724.417289, 1058.335547]
[959.814853, -1733.003394, 1591.373944]
[1667.464709, -1193.91227, 835.537381]
[608.942871, -1627.692569, 1267.273986]
[1256.719481, -1077.539547, 718.058973]
[989.091319, -1502.30739, 292.199231]
[989.16635, -1528.273567, 279.164503]
[1690.267105, -1199.120334, 1140.676044]
[577.219135, -1868.963537, 1305.593692]
[1634.257245, -1510.234304, 313.051732]
[844.507871, -1139.231854, 1057.795228]
[1258.057036, -1682.962444, 1717.481722]
[940.989492, -1175.014744, 1317.001168]
[1214.578514, -1070.924329, 1269.853874]
[519.133703, -1468.536877, 1004.727488]
[775.234478, -1624.834505, 296.475357]
[1419.353778, -1301.103599, 307.182939]
[476.813866, -2041.781647, 862.694513]
[1131.247778, -947.631808, 893.877489]
[1657.977569, -1209.168347, 448.716688]
[655.026347, -1372.949582, 1415.784531]
[1458.934426, -1053.33997, 1370.487519]
[786.38078, -1122.719475, 546.746455]
[383.342238, -1610.404474, 752.71812]
[1163.319289, -891.169353, 890.150326]
[828.682583, -1428.668249, 1688.670159]
[1647.778354, -1006.547115, 583.253122]
[383.716819, -1745.227094, 534.082811]
[627.216532, -1859.86427, 207.293512]
[379.118311, -1936.50712, 1326.452124]
[305.40869, -2052.677927, 917.830025]
[1135.124431, -1191.142086, 1699.512794]
[286.209304, -2009.416738, 936.172761]
[841.301137, -1292.629095, 1676.078177]
[360.601997, -1386.412731, 1057.766126]
[623.588187, -1049.879724, 1140.759661]
[261.271648, -1925.178119, 947.871744]
[568.911875, -2365.118227, 456.489345]
[275.845198, -1918.083365, 1182.043623]
[1485.72457, -1192.183662, 1720.022108]
[1955.584708, -1048.470317, 840.796592]
[1368.738645, -1314.868392, 1843.529402]
[1425.049363, -784.730143, 1097.21499]
[430.567795, -1529.980451, 350.908004]
[935.426562, -1548.280214, -34.813352]
[1215.509988, -1198.029747, 1786.424901]
[1253.483882, -1355.889739, 1884.690471]
[227.70176, -1562.976632, 796.391912]
[371.084451, -2101.562484, 402.963736]
[402.081003, -1693.930944, 1589.311461]
[419.105433, -2167.519797, 339.527958]
[803.567608, -1632.078889, -49.764396]
[1323.319923, -1575.14817, -145.583167]
[684.930381, -1355.418082, 1762.047405]
[1755.698328, -1241.236627, 123.612449]
[1035.984095, -1967.886259, -137.669683]
[1348.667781, -698.789666, 894.541328]
[288.02655, -2143.320173, 1350.060107]
[711.230679, -923.128491, 1366.11256]
[298.218343, -1856.881968, 1539.036191]
[1297.946305, -1374.672645, 1983.906211]
[294.133, -2404.751088, 857.886812]
[1141.781748, -1400.161212, 1996.618132]
[372.720454, -1165.303992, 1299.30626]
[952.892045, -1326.616554, -70.233635]
[1581.634726, -1436.814959, -114.041923]
[1467.199289, -658.365882, 963.12489]
[1376.992008, -997.60533, 1760.613569]
[1450.314936, -650.521829, 870.778038]
[1348.597327, -1417.906644, -168.600441]
[435.674983, -1691.366198, 105.179579]
[983.355742, -1262.976526, 1933.016225]
[956.72577, -1127.639624, 1840.425337]
[1542.674457, -1078.538218, 50.805933]
[1576.051097, -685.524408, 1163.029298]
[266.362188, -1649.920265, 293.200131]
[110.344269, -2015.643371, 707.007274]
[189.29272, -2323.302228, 862.233094]
[1737.970047, -803.217328, 1370.659067]
[706.232513, -860.53933, 1434.023794]
[1941.370495, -821.127773, 1018.117656]
[590.309668, -1365.606071, 1832.390873]
[507.314865, -856.842011, 861.263183]
[487.723898, -1292.201963, 1715.761564]
[241.829489, -1718.560063, 1585.353544]
[251.969002, -1966.800815, 1583.647894]
[529.541533, -1048.094813, 1556.782199]
[1111.322393, -847.78363, 1689.312002]
[300.660225, -1330.234204, 1565.424739]
[1655.217087, -986.573779, 55.451961]
[859.760589, -660.912433, 520.407489]
[1784.232586, -646.276029, 714.727625]
[478.342076, -904.001861, 422.441274]
[846.568038, -710.928794, 1493.50397]
[843.564468, -576.461773, 1008.903726]
[1338.335527, -605.547275, 1423.578047]
[458.185478, -1688.169671, -86.191692]
[1675.07261, -582.131557, 1084.949381]
[139.999624, -1129.914298, 1021.253657]
[882.224406, -1022.172716, 1911.150748]
[1330.041962, -1047.817997, 1996.380894]
[63.241354, -1333.890509, 640.498616]
[1552.815885, -527.204684, 788.827947]
[613.513537, -1045.719359, 58.253754]
[72.898401, -1431.841216, 1387.319646]
[400.125596, -1515.890124, 1901.141673]
[961.798915, -971.940471, 1933.623501]
[944.928779, -511.982107, 1099.16478]
[1552.964957, -573.662, 1372.042155]
[809.48154, -545.967129, 1107.218013]
[888.015663, -556.519091, 562.992591]
[1743.360691, -848.401131, 112.917812]
[1025.625001, -941.15329, -87.113874]
[1376.454296, -650.284195, 178.265333]
[275.596457, -830.513555, 1015.991949]
[424.033865, -685.113265, 886.269561]
[1160.58232, -1636.918501, -452.51479]
[1090.075079, -1090.996748, -272.481732]
[362.678449, -1019.016767, 1688.561729]
[780.314026, -535.943661, 519.14721]
[190.892637, -1137.15089, 261.126842]
[186.609773, -1300.839228, 122.825257]
[2233.159937, -762.250427, 854.746509]
[1297.464397, -419.085825, 1299.948362]
[1428.77879, -592.211975, 1690.557043]
[1703.426693, -447.30243, 1154.44464]
[113.264832, -1357.149422, 1706.444866]
[1727.659783, -427.147113, 1093.340642]
[1066.065655, -375.1776, 616.869418]
[1718.200113, -1029.850595, -235.852962]
[1066.6043, -380.9433, 1282.068192]
[928.595859, -468.905363, 1483.291013]
[1475.456908, -735.375975, 1930.532656]
[2140.050971, -782.121428, 319.479127]
[1195.821897, -638.33939, 7.794754]
[2287.700722, -743.65247, 784.449542]
[1160.69264, -708.916339, 1935.074915]
[1128.601232, -1088.408685, -370.288514]
[251.961105, -1387.728462, 1948.545785]
[686.423834, -712.480551, 80.433712]
[748.37858, -984.648813, 2076.151728]
[424.379363, -921.718843, 1813.33802]
[801.11311, -391.785915, 689.212232]
[707.727082, -403.894073, 916.912418]
[380.503517, -1076.222723, -53.067115]
[2197.587445, -683.34798, 1291.954325]
[1524.906835, -460.642456, 1575.279162]
[56.251383, -972.415031, 516.423116]
[799.423253, -856.957291, 2024.744306]
[377.949536, -1113.119635, 1959.339667]
[1000.847608, -923.333744, 2142.336209]
[1792.324353, -594.120166, 1692.793138]
[622.857045, -556.090157, 1553.983507]
[27.896375, -901.697268, 1085.805655]
[231.833546, -731.571259, 539.363808]
[353.458188, -756.177989, 263.209612]
[1239.870966, -376.938388, 363.330036]
[-209.744325, -1863.022265, 487.826414]
[126.97634, -1052.833645, 204.755611]
[-188.784588, -2302.763926, 800.820753]
[-246.855949, -1483.524705, 987.844745]
[1561.309075, -296.105329, 861.325425]
[1330.24231, -326.431468, 1365.503326]
[1519.869182, -578.804985, 1829.876419]
[-253.649154, -1907.292525, 633.502331]
[-206.368127, -1924.833101, 443.968663]
[-263.983699, -1515.198753, 988.299903]
[146.695946, -738.65211, 700.816436]
[892.095427, -377.421189, 424.767393]
[1764.850056, -335.1921, 1069.086348]
[429.784678, -499.958242, 666.561047]
[268.763525, -864.903025, 1710.355724]
[1673.351785, -557.979681, 1788.49846]
[62.536558, -1129.713386, 1704.800186]
[1126.378498, -527.55089, 1844.25808]
[360.573117, -678.186606, 283.284113]
[544.248897, -577.327677, 1633.313634]
[1901.075706, -452.096043, 420.967685]
[277.152205, -672.982793, 402.993964]
[238.092296, -667.027879, 1369.593659]
[1939.13179, -672.970748, 49.031328]
[978.86847, -1041.760256, 2295.13629]
[-251.310738, -1346.200935, 717.225679]
[1643.358997, -467.113942, 1701.941445]
[2223.504676, -542.468465, 862.615673]
[299.421359, -932.32941, 1859.394378]
[1251.633908, -319.052431, 1519.216413]
[1146.5625, -523.988262, 1883.6857]
[182.441113, -630.538722, 1136.360905]
[-6.984097, -1789.336675, 1917.921716]
[762.159286, -1387.274449, -538.950503]
[1193.269708, -581.439853, 1973.599724]
[12.315123, -941.929964, 1485.348609]
[328.931138, -1563.597706, -364.014926]
[432.403603, -516.783837, 407.476577]
[-168.666724, -1829.23026, 1680.490931]
[253.756038, -811.406531, 135.036685]
[1404.63956, -284.822672, 1477.077567]
[708.042427, -898.834087, 2158.826096]
[-115.393539, -1825.62135, 64.877077]
[623.112473, -371.380678, 482.442929]
[39.012494, -1864.649258, -145.797096]
[816.745788, -228.916249, 824.923914]
[925.960559, -370.753744, 201.309006]
[708.000468, -1047.539804, 2279.924747]
[1377.842861, -651.702788, -238.436875]
[-351.312262, -1464.335718, 835.707426]
[285.09528, -471.649678, 1053.65265]
[-243.131192, -1714.069441, 246.274243]
[1203.264442, -289.61226, 260.16013]
[832.298222, -870.064383, 2228.700373]
[541.97112, -2153.035706, -517.450231]
[668.058368, -615.256468, 1928.092257]
[374.533575, -610.796917, 1679.487351]
[1103.227155, -215.095759, 455.704409]
[1557.613089, -991.535518, -487.887344]
[358.72145, -1410.34681, -412.60065]
[898.672774, -492.357668, -38.898895]
[2246.970884, -482.337879, 656.183331]
[2061.156311, -423.350467, 1430.843832]
[-259.790104, -1185.963889, 565.283275]
[796.295071, -972.980676, 2313.520401]
[-377.66639, -1615.35043, 1275.687021]
[-264.976618, -2033.800908, 1629.523063]
[1449.495049, -688.588378, 2189.624204]
[564.003886, -283.219091, 1239.209933]
[332.347271, -474.949797, 405.645818]
[-343.447417, -1225.550779, 1024.447822]
[770.000094, -761.157206, 2186.108476]
[-412.205639, -2110.705694, 1053.689194]
[-280.288752, -1079.975582, 749.60657]
[1075.755835, -255.877458, 1631.631842]
[-424.847896, -1506.388195, 928.505123]
[-29.352516, -1087.042077, 1802.321328]
[1059.083149, -820.642077, -456.791781]
[273.391313, -505.712358, 392.994857]
[9.805534, -1786.020593, 2102.091847]
[1413.158823, -98.62084, 827.163258]
[-416.029242, -1679.842553, 1302.034715]
[698.480108, -339.500476, 212.925882]
[201.446371, -819.294241, 1871.543072]
[-121.601794, -767.951452, 898.649455]
[933.21428, -555.954947, 2073.7564]
[1517.70778, -455.584432, 1971.829119]
[1798.8588, -423.248333, 37.68285]
[906.942348, -699.386547, 2227.940998]
[802.65009, -335.132613, 97.051603]
[-436.865659, -2101.236563, 1224.367797]
[429.792823, -564.986271, 12.814145]
[480.380524, -670.481285, 2015.673864]
[72.860359, -880.622894, 1836.729408]
[846.8959, -393.504912, 1889.400801]
[76.648751, -976.521228, -75.212076]
[2007.457567, -219.747638, 821.277475]
[1297.592963, -62.686467, 681.827631]
[-169.096182, -1763.358875, -98.90378]
[1393.175177, -69.253607, 632.472044]
[1358.346441, -465.45183, -215.157165]
[1811.177559, -131.152281, 1074.978804]
[1441.294557, -78.354303, 1286.744316]
[832.98681, -431.746324, 1970.566434]
[1917.078198, -157.089582, 896.432807]
[-119.223229, -1178.009424, 1864.711173]
[266.495288, -347.187532, 641.386072]
[483.133049, -222.404962, 1230.776088]
[-210.492483, -1029.664629, 1594.817194]
[797.974876, -133.917514, 1378.710231]
[1034.881747, -667.599759, 2291.52993]
[1147.345677, -67.870787, 508.445806]
[252.165048, -391.495429, 480.268319]
[917.927334, -1665.9287, -817.202413]
[-255.282966, -1092.108114, 1571.498514]
[767.681074, -431.516095, 1975.377647]
[-157.894133, -1489.819048, 1984.009379]
[668.872046, -214.79111, 335.281763]
[305.320989, -628.475201, -38.403793]
[-177.509856, -1380.022573, 1919.944328]
[337.19771, -266.066447, 1070.314168]
[562.956191, -234.827495, 1479.494842]
[-260.466183, -1586.740313, 1887.218956]
[1407.266178, -14.93431, 654.729092]
[310.691079, -382.056611, 1563.533773]
[2071.061788, -366.901104, 168.144908]
[262.442096, -1196.41813, 2328.968831]
[-354.966164, -1784.570737, 1774.880634]
[-169.415624, -689.819112, 1166.601729]
[225.365901, -1078.090774, -394.55745]
[-123.555663, -785.275549, 1571.676003]
[627.879743, -574.44707, 2136.144491]
[691.056943, -355.165454, 1909.050683]
[-2.594301, -839.110608, 0.50258]
[1371.584807, -915.067312, -673.940955]
[1121.521581, -322.754322, -160.226732]
[1293.242086, -1022.68833, -738.878336]
[-483.097233, -1309.279273, 562.261277]
[1205.74165, 23.706997, 1213.228523]
[877.785871, -209.786942, 1791.018376]
[1978.570126, -338.374712, 59.610344]
[734.646858, -516.554881, 2156.684644]
[1005.068093, -530.836392, 2255.653641]
[966.708591, -514.885951, 2233.055457]
[-526.0167, -1473.609679, 531.612144]
[863.77575, -986.941435, -695.598221]
[-105.096991, -954.256213, 1880.069425]
[660.542651, -478.666912, -248.080468]
[1094.500267, -28.490564, 353.958136]
[870.502444, -112.092975, 1637.394484]
[219.749471, -660.884969, 1996.657859]
[820.677838, -787.89877, -584.794947]
[-237.014547, -977.202467, 149.88983]
[648.964264, -332.851882, 1926.859281]
[-64.404102, -1031.633289, -160.658529]
[523.822168, -1926.425546, -796.8128]
[140.600584, -1183.119208, 2317.546085]
[497.53201, -134.76168, 1398.126431]
[206.107777, -1000.771836, -422.39512]
[-385.831366, -935.134455, 566.768924]
[550.376283, -46.461879, 840.59897]
[197.869779, -800.012034, 2144.977076]
[501.014807, -715.752515, 2297.427735]
[595.168227, -221.365736, 97.294472]
[452.209287, -793.776035, -471.373439]
[-181.278319, -1022.504803, -54.965698]
[-475.343577, -999.156954, 1013.845052]
[-649.779541, -1803.775417, 1035.477103]
[-617.276721, -1548.025429, 634.98506]
[1579.251586, -33.058226, 1587.103945]
[-346.371484, -1934.986815, -106.341126]
[286.159931, -144.564682, 816.876497]
[387.135234, -709.929627, 2251.295463]
[1730.752627, -164.711364, 39.020785]
[662.171444, -312.747575, 1997.487551]
[-551.240827, -1437.290967, 1492.572662]
[317.850399, -456.606486, 1961.233831]
[-129.673917, -618.00715, 266.360394]
[-551.079988, -1103.67557, 843.379802]
[-650.888796, -1655.216634, 1247.308495]
[1943.781555, -7.503873, 663.260865]
[-485.023212, -1222.398451, 1572.031806]
[-434.783263, -1373.023184, 1788.707403]
[-350.982025, -870.076278, 1512.180145]
[-73.315596, -472.891059, 412.681799]
[-625.49053, -1303.311295, 1038.749221]
[754.475287, -423.261534, 2220.928836]
[336.833958, -487.899597, 2047.766473]
[824.068082, 50.498751, 464.595094]
[96.272082, -324.531654, 367.630246]
[-163.473346, -901.295075, -83.253142]
[-155.223026, -525.345112, 1423.307954]
[61.605814, -342.574688, 370.006684]
[104.155408, -1260.866061, 2429.366889]
[102.967268, -225.019608, 674.426005]
[731.892399, -278.910786, 2064.817003]
[649.090062, -35.811531, 1574.457983]
[187.920517, -2083.84735, -707.423182]
[-611.373478, -1227.647856, 615.227866]
[1039.841787, -40.440403, 1808.295698]
[727.399105, 98.78637, 739.754678]
[767.903009, 65.893495, 455.645536]
[799.733044, -99.419613, 6.028884]
[-148.444568, -1630.14966, -466.765502]
[587.15854, 36.101401, 1302.833772]
[-224.38704, -504.680793, 1229.726497]
[1053.669579, -6.572373, 1766.170288]
[-305.381465, -1073.154933, 1927.948095]
[497.061889, 13.58774, 596.171608]
[-140.658605, -988.062754, 2103.923773]
[622.377575, -98.71051, 1765.004763]
[-113.369579, -625.652037, 63.672296]
[1032.780701, -325.008147, 2265.122211]
[-627.717566, -2072.274631, 306.432583]
[-26.689321, -614.728989, 1918.81138]
[186.876573, -693.548956, -361.720407]
[1038.940743, -684.636164, -726.870891]
[645.717299, -62.007457, 1742.844838]
[1621.208989, -40.528106, 21.500211]
[493.770058, 62.775051, 754.443472]
[1216.341013, -31.46675, 1903.283019]
[938.500728, 116.161185, 1490.530054]
[1139.113134, 121.466162, 309.945644]
[1115.870884, 72.48276, 1687.238773]
[1270.921041, 160.214483, 1437.512241]
[356.0484, -91.922596, 300.846076]
[680.449359, -245.672415, 2110.311829]
[1018.454745, -196.732374, 2160.903759]
[10.845657, -353.798684, 1643.11116]
[233.44044, -309.520319, -11.612774]
[101.732584, -153.679072, 580.471189]
[-330.330294, -523.228679, 794.012747]
[771.63051, 185.849811, 942.182171]
[-127.883787, -545.706212, 97.657611]
[441.433742, 18.747572, 1392.335427]
[-668.115894, -1273.220381, 1394.052905]
[562.139032, -720.842072, 2528.331239]
[260.242956, -348.786521, 1985.374034]
[295.358279, -314.393903, -116.43042]
[391.4932, -608.199402, 2364.206557]
[-60.275284, -564.943319, -57.056397]
[-166.440694, -633.020429, 8.947164]
[-296.507492, -1106.666676, 2089.421891]
[-158.447338, -480.652372, 1639.236035]
[117.073411, -266.430584, 156.897699]
[-438.997422, -629.040687, 871.568983]
[421.895519, -188.022212, 1908.442968]
[-660.942416, -1095.335703, 1221.253194]
[1040.3999, -371.275123, 2401.013308]
[62.924139, -457.067442, 1948.431226]
[1739.055586, 98.00921, 258.731979]
[486.248086, 33.106531, 332.490629]
[523.625599, -304.756151, -309.544206]
[263.960782, -1036.709575, 2586.358636]
[2066.641083, 105.97073, 777.287432]
[1074.853722, -493.450813, -675.897698]
[8.394051, -240.11981, 346.375348]
[-282.697232, -649.76502, 125.179449]
[486.806187, -326.790956, 2185.81562]
[-185.873055, -309.655241, 1148.319184]
[1862.34667, 186.717338, 1103.171209]
[-327.537479, -1404.245435, 2227.577799]
[520.671071, 106.048931, 1369.835245]
[-311.511062, -413.624258, 1064.699338]
[132.573459, -268.924809, 39.067293]
[1786.196411, -84.226732, -152.477378]
[1897.644949, 196.40768, 912.860687]
[-453.166754, -783.018044, 258.882655]
[360.465009, -230.11705, -138.905467]
[683.722662, -87.093687, 2001.739841]
[-55.275804, -653.599911, -245.38879]
[44.209341, -696.333833, 2244.893618]
[564.646981, -702.667457, 2582.731983]
[-588.733734, -1376.372806, 1844.551996]
[355.382582, -1.937803, 311.594924]
[-219.987287, -1322.370515, -491.215614]
[105.18675, -485.837319, -245.925332]
[-237.677117, -746.746714, 1975.399216]
[-259.439307, -400.290079, 500.105975]
[76.939725, -157.824617, 331.348807]
[-181.718713, -565.142294, 1855.918076]
[-383.639442, -873.231634, -22.588056]
[-35.132657, -495.33, -114.872462]
[450.773888, -37.825733, 1771.259579]
[401.814371, -211.242499, 2029.635107]
[81.332417, -512.42086, -265.331527]
[1810.533873, -186.999212, -320.136569]
[-300.774915, -382.148279, 1151.488225]
[51.669757, -221.457799, 1667.033197]
[334.682693, -446.593419, -415.899884]
[-527.172148, -787.818141, 1478.767316]
[886.582107, 133.343012, 136.139638]
[-856.24607, -1667.441392, 767.438672]
[89.760655, -221.082287, 117.904863]
[2100.039929, -241.20331, -239.270978]
[2316.848302, 39.294774, 861.616725]
[-186.039517, -267.70971, 610.889803]
[466.051686, -799.020078, 2631.530776]
[-709.03469, -999.674411, 755.700306]
[-582.233426, -1278.940013, 1867.695836]
[349.548337, -1471.528154, -967.972413]
[-472.656171, -607.481537, 1298.30316]
[-181.613569, -545.234152, -22.213353]
[517.55132, 44.266281, 149.947332]
[535.37986, -369.93831, -480.779821]
[727.899367, 219.51022, 1378.683731]
[-61.571519, -440.269536, -58.278872]
[39.926453, -578.647283, 2195.896749]
[-374.822775, -553.858244, 325.499553]
[-734.843475, -1667.182396, 1706.022064]
[381.725356, -55.811886, 1817.549365]
[-471.473043, -1583.674448, -319.683868]
[-863.966104, -1648.777006, 632.100294]
[-546.809882, -1195.275925, 1925.241037]
[450.672634, 25.049768, 130.450242]
[277.450944, -668.815328, 2474.667809]
[1315.63422, 239.363204, 250.285582]
[1476.597875, 290.702839, 1383.98396]
[167.736298, -751.091578, 2461.811552]
[470.477005, -350.783749, 2314.813906]
[608.605741, -291.290931, 2324.061524]
[1873.769566, 129.017234, 1661.601289]
[890.600287, 52.301199, 1968.627235]
[-290.95311, -805.952601, -199.633848]
[-320.977745, -629.69569, 1825.639265]
[1213.220935, -1230.564168, -1150.166723]
[-275.170183, -685.348787, -108.762489]
[1040.061005, 209.19779, 1693.834254]
[1420.037907, 174.17878, 68.029596]
[-1.811583, -1034.609187, -652.030298]
[500.320506, 103.117727, 236.077513]
[344.055822, -1192.698998, -932.743301]
[1092.263156, 125.266525, -42.636704]
[402.450417, 64.066792, 234.697142]
[18.358472, -104.468954, 399.63494]
[1753.091572, 305.294637, 870.399661]
[1419.38049, 104.601745, 1946.402868]
[144.083382, -441.187169, -342.661528]
[513.061622, -16.79896, -63.13058]
[132.025378, -159.847885, 1809.097252]
[916.751023, 198.393096, 1723.687864]
[39.050653, -457.526531, 2141.95546]
[1520.707796, -496.432331, -796.958766]
[1056.970356, 75.024622, 2030.040111]
[1708.601099, 115.08562, 1874.291826]
[-618.269167, -1458.51537, 1998.655653]
[266.743874, -598.729718, -608.889554]
[390.411224, -26.410825, -17.811855]
[-55.365709, -570.751725, -321.642967]
[-144.438983, -548.65696, 2056.815999]
[1678.821829, 343.218659, 773.629548]
[330.804914, 41.189343, 1677.852837]
[-44.938894, -763.794476, 2359.07263]
[-615.560812, -829.867078, 1539.257698]
[16.819227, -425.43079, 2113.169956]
[878.334862, 57.44062, 2039.670663]
[1351.809551, -123.822275, 2345.319498]
[1340.231504, 258.463171, 1694.719534]
[530.037544, 276.680142, 1032.512965]
[250.84752, -277.32854, -303.184141]
[-440.769088, -487.400629, 423.543924]
[-719.004396, -821.094455, 918.462796]
[1589.95885, 335.67928, 487.30937]
[-24.115207, -698.611166, 2352.145905]
[-262.271076, -501.658439, 1871.869908]
[-115.559678, -1290.316675, -724.16817]
[455.255316, -98.05038, 2088.869098]
[439.381403, -119.433961, -264.820708]
[509.497343, -112.541306, -300.525189]
[34.69671, -370.929624, 2108.397486]
[-34.248025, -247.798939, 1852.525099]
[-51.577078, -368.529289, 2010.422005]
[396.704673, -167.005951, -307.270086]
[-225.035951, -1756.772222, -724.020552]
[508.466746, -147.743835, 2213.711116]
[1444.120521, -452.7848, -826.263616]
[1384.310657, -677.930276, -983.18833]
[343.608194, -243.19276, -371.468338]
[265.603231, -461.017647, -546.117786]
[718.268882, -472.324379, 2634.097288]
[-61.904086, -164.3011, 185.483975]
[-102.828532, -284.363594, 1838.442267]
[316.665149, 65.217501, 1716.640995]
[-424.288264, -344.975385, 1142.308168]
[-284.649762, -183.684592, 941.862107]
[-694.902653, -745.940234, 632.204283]
[281.488827, 180.803084, 1294.480374]
[1719.190763, 375.839356, 1155.392713]
[602.998789, 70.663259, -111.700983]
[927.059262, 240.710148, 68.060463]
[84.593063, -425.63941, -395.982271]
[-774.416774, -854.335681, 1039.10299]
[1036.340639, 206.875319, 1911.733585]
[807.425479, -321.317077, -698.586698]
[-547.688095, -579.480951, 1483.971677]
[679.051423, 20.288474, -254.103558]
[7.089368, -442.153681, 2213.550007]
[-172.628549, -436.045787, 2002.896848]
[374.333661, -49.01803, -174.126224]
[-543.89584, -1283.808459, -316.915423]
[-568.110291, -498.934154, 713.243552]
[-30.302392, -329.906257, 2048.709564]
[-339.95394, -739.742197, 2113.137579]
[1735.924502, -76.117462, -436.75382]
[957.038998, 303.314488, 1687.218148]
[-486.37501, -1030.817053, 2138.213713]
[-712.03625, -919.551591, 1594.963413]
[1209.482225, 354.405905, 1597.679173]
[1224.298421, 443.215772, 687.602758]
[2001.139749, 155.241822, 88.51913]
[-195.364714, -1893.773194, -793.973774]
[728.273044, -330.134697, 2559.3325]
[-374.832863, -464.239051, 119.160503]
[-319.522117, -866.428301, 2251.466127]
[-889.542821, -1325.007448, 1455.993006]
[207.97941, -4.12103, 1817.344382]
[-950.292816, -1324.572539, 1089.874819]
[-485.202799, -394.236019, 1275.190158]
[2043.901991, 316.950306, 802.445199]
[1716.813954, 97.285465, 2073.479488]
[562.309378, -330.677287, 2521.006115]
[-552.194995, -1055.491203, 2092.191595]
[473.887886, 329.300831, 738.22064]
[476.312298, -4.929946, -232.628758]
[-62.197078, -66.478137, 264.527394]
[-904.757419, -1977.089448, 226.478415]
[479.763583, 257.839212, 324.696198]
[-728.057447, -1944.572232, -184.344596]
[1372.059958, 212.835077, -137.860705]
[-103.43744, -569.354086, 2289.462989]
[-531.97163, -581.32201, 197.776997]
[541.85701, 284.784, 1533.170883]
[-862.249843, -950.730833, 1047.005937]
[567.350893, -324.982165, -673.489455]
[1576.377446, -787.063312, -1092.143543]
[916.539719, 302.76353, 1762.82619]
[693.694493, 394.35456, 1252.223373]
[166.468003, 51.320748, 138.028177]
[-455.637726, -578.951225, 13.271247]
[520.930013, 49.38521, 2079.791525]
[-73.456314, -268.269125, 2016.881015]
[1375.849291, 497.419031, 856.282096]
[-1.034561, -583.76906, -567.401796]
[20.583999, -757.43882, 2568.764449]
[-158.722371, -141.23286, 184.216701]
[-284.81061, -122.611063, 1281.193857]
[-247.063085, -217.839894, 176.90427]
[-989.191059, -1397.277902, 564.049949]
[-630.731069, -879.542913, 1897.131869]
[-483.278764, -1897.210306, -587.443908]
[-694.249548, -1162.641698, 1998.948101]
[268.875297, -383.483037, 2471.026549]
[239.943892, 141.515186, 1687.837994]
[-129.435153, -495.182894, -402.634274]
[345.382098, -61.030323, -316.208361]
[296.371002, -103.713552, 2201.171941]
[-871.837814, -930.393747, 564.547194]
[-1019.530196, -1310.213569, 956.466129]
[206.529245, -302.922643, 2371.0322]
[-276.381166, -175.986935, 1595.470317]
[2180.078684, 323.248477, 1183.429838]
[1049.108969, -500.117986, -994.356906]
[-202.082574, -145.047852, 1701.684158]
[-252.139726, -1357.613565, -798.145929]
[-1068.436229, -1776.530741, 1178.270136]
[320.61376, 234.851551, 1613.281606]
[384.471713, -56.135269, -368.969214]
[-1028.416268, -1616.455962, 445.785626]
[419.058182, -417.643475, 2627.456302]
[1804.154879, 381.699899, 271.728945]
[870.646857, 138.995043, 2190.793714]
[932.122049, 93.181799, 2274.66931]
[877.643948, -162.077364, -706.743603]
[-1033.542173, -1272.858805, 945.915771]
[-405.491418, -724.322437, 2195.430356]
[68.868113, -307.372275, -445.415718]
[242.258064, -827.803225, -954.842291]
[167.566755, -147.921182, -341.245027]
[471.109844, -318.928068, -718.882466]
[57.066889, -481.210645, -607.636208]
[-207.683654, -577.292881, -451.451096]
[160.570422, -425.951866, 2497.201583]
[233.998565, 172.352079, 145.963054]
[-158.772428, -588.669012, 2373.421191]
[355.650777, -224.14641, 2435.311107]
[492.092977, -351.108734, -769.9072]
[-24.278203, -643.29171, -681.785718]
[1239.316625, 79.350511, -499.187975]
[-990.823644, -1229.145496, 1391.347162]
[1740.078882, 457.137419, 417.857058]
[-601.87115, -601.191957, 77.236643]
[625.2699, 306.048202, 1813.730887]
[839.567772, -6.599149, 2423.420623]
[1339.333112, 568.138493, 827.170388]
[42.334559, -429.913206, -579.697564]
[270.944746, 339.883389, 1224.502057]
[-125.520878, -362.326965, 2220.295951]
[1191.9623, 111.04202, -480.099555]
[1506.396317, 551.590766, 1167.06964]
[-32.336593, 139.004345, 439.000531]
[1499.478174, 490.399521, 1520.325077]
[46.590376, -218.639656, 2231.686993]
[-304.966853, -51.921575, 514.272646]
[928.08293, 300.926104, 2000.483749]
[649.109166, 440.138103, 395.066627]
[1026.916921, 453.737399, 194.106711]
[2212.446303, 78.712902, -176.467049]
[-234.901532, -558.082537, -455.077202]
[-271.02944, -460.559217, -320.996677]
[-173.747053, -108.396805, 1816.94673]
[-423.783922, -716.543379, -376.449728]
[488.154839, 50.03621, -370.527029]
[690.402649, -436.064784, -946.382159]
[-978.863091, -1171.62325, 367.168877]
[549.2777, 336.99395, 1733.0003]
[431.441142, 61.672671, -323.027983]
[-0.848621, -215.734935, -345.800181]
[-106.413477, -191.258825, 2058.876905]
[483.704696, 383.77856, 1533.031892]
[983.897793, 392.156049, 1858.887586]
[-1039.360878, -1117.115302, 822.282279]
[-840.819961, -1632.552537, -218.460597]
[1397.176818, 535.422156, 1450.059485]
[270.045246, -509.988605, 2693.518981]
[233.161191, 356.571297, 692.385116]
[2285.645559, -6.150019, -281.786669]
[-695.924489, -633.623424, 160.916157]
[-42.016613, 123.81711, 314.455954]
[-145.646943, -45.364767, 80.527906]
[328.389832, 47.471203, -291.900999]
[375.731237, -128.824247, -553.166026]
[342.541452, 6.352744, 2225.10692]
[-879.958051, -1000.109201, 1689.882617]
[-1060.96642, -1314.982535, 1351.545832]
[-874.444161, -1390.292611, -107.739882]
[-672.249765, -1031.532045, 2144.689945]
[58.200168, -73.138726, 2105.735602]
[1.505135, -668.974687, -789.497562]
[175.451057, 32.455513, -206.834338]
[-243.462027, -178.275252, 1907.46853]
[201.674935, -468.611657, -788.360767]
[-1003.66435, -1353.952222, 198.705994]
[805.084928, 258.252061, 2112.49858]
[-319.69561, -350.24201, -192.987493]
[-555.369387, -732.942495, -266.601427]
[-555.848334, -655.955846, -193.864384]
[-1020.833671, -1373.047276, 1627.055353]
[-889.849804, -866.15607, 1561.694742]
[-128.524369, -147.490119, 2040.288457]
[804.509551, 260.639872, 2126.901451]
[2136.764619, 459.262854, 922.603827]
[1926.172141, 492.643327, 1360.961566]
[706.939945, 385.651211, 1841.090714]
[747.577138, 265.333779, 2107.686217]
[1551.853743, -508.748726, -1107.705997]
[24.57628, 13.463447, 1984.935425]
[343.441511, 279.537886, 57.089643]
[-225.094054, 93.210704, 1313.7297]
[-65.25177, 103.985336, 185.319468]
[539.146648, -199.788708, 2618.287651]
[407.289199, 483.019128, 882.704181]
[303.569927, -193.912731, 2494.030183]
[751.334708, 586.272114, 914.598278]
[1063.117314, 327.074822, 2106.519354]
[1803.96826, 281.944326, -214.558238]
[1388.825668, 618.243295, 1226.934005]
[-1055.512163, -1650.196739, 157.284231]
[1977.731433, 528.975486, 801.3033]
[1.084099, 200.034964, 297.780425]
[318.498464, 273.186304, 37.075437]
[-1181.342095, -1645.778463, 1013.173154]
[1931.673393, 401.761762, 113.851683]
[694.745375, 266.420808, 2112.260276]
[21.46892, -34.250225, 2089.31961]
[500.311566, 269.233977, -137.458836]
[-491.261794, -323.558026, 52.499503]
[19.550068, -502.241442, 2600.051249]
[-799.046808, -510.045979, 575.725821]
[-622.241884, -682.604075, 2040.61411]
[1077.340467, -162.522205, -884.717242]
[-758.195762, -625.677655, 1690.073987]
[54.537312, -160.758014, 2301.624462]
[1802.087737, 417.101201, 1820.025398]
[-393.622341, -63.053922, 1470.10917]
[45.196699, 335.748399, 1021.141706]
[1436.23321, 639.779535, 1149.564732]
[-144.166545, -685.306355, 2612.705022]
[382.905859, 36.663265, -452.619378]
[-387.309029, -471.10234, 2187.353876]
[-1169.020256, -1727.17677, 524.413881]
[-259.592143, -151.194094, -91.86079]
[632.860886, -42.692614, -677.0152]
[109.619969, 154.91028, 1892.297538]
[-30.099828, -491.474619, -711.631124]
[-342.623335, 70.231943, 1090.850967]
[-326.140725, -504.444319, 2306.307308]
[-862.079447, -677.993531, 1511.893172]
[-415.849258, -1062.927841, -727.630554]
[448.026832, 180.028683, 2161.869903]
[983.42461, 305.752922, 2188.084178]
[1324.927198, 645.833345, 1254.695379]
[-158.808575, -673.52258, 2611.147307]
[5.878223, 326.275195, 1073.27818]
[2219.014964, 140.830744, -253.694274]
[-434.164443, -460.534354, 2137.819177]
[230.790031, -56.18386, -490.839046]
[373.635857, 401.408269, 225.900247]
[1043.69603, -843.200503, -1340.243266]
[768.323336, 334.990568, -226.277485]
[244.165384, 245.173977, 1894.254941]
[966.039699, -40.219998, 2647.474809]
[-85.96324, 156.372571, 210.930178]
[17.453035, -237.964507, -546.158157]
[433.644735, 312.630613, -85.722024]
[-17.728849, 53.337714, 1986.50982]
