[1256.431167, -1794.128278, 942.22372]
[1256.291873, -1793.844446, 942.78211]
[1256.216415, -1793.713523, 943.599214]
[1265.112494, -1809.226549, 906.453186]
[1249.962854, -1781.635946, 981.675414]
[1252.23249, -1743.975971, 913.125781]
[1300.73961, -1824.854316, 909.016196]
[1294.930127, -1770.084772, 893.573087]
[1246.14906, -1859.675054, 944.032886]
[1296.837998, -1768.885769, 890.625506]
[1223.901026, -1739.386684, 922.459853]
[1247.368356, -1737.87515, 898.463113]
[1248.601606, -1736.601337, 899.462065]
[1251.492981, -1854.841449, 965.017778]
[1311.063168, -1803.335988, 894.944612]
[1286.367115, -1846.955586, 896.932751]
[1309.357241, -1819.87529, 895.175703]
[1309.45204, -1820.058633, 894.465416]
[1248.009372, -1869.961134, 938.968705]
[1184.406102, -1809.205605, 904.749294]
[1243.401422, -1872.649533, 943.191429]
[1241.660172, -1858.063261, 979.123631]
[1257.680215, -1766.299796, 854.696968]
[1179.479473, -1800.467075, 894.001454]
[1220.913706, -1817.275899, 1007.952983]
[1173.049591, -1818.294683, 899.216479]
[1244.115893, -1770.343639, 1014.324182]
[1309.957328, -1832.101357, 869.098849]
[1306.24182, -1835.815572, 865.028472]
[1299.857591, -1823.15086, 844.342278]
[1327.348163, -1809.292787, 861.251849]
[1314.395502, -1829.605744, 855.234263]
[1304.854203, -1708.066071, 915.573138]
[1316.034239, -1828.539467, 852.420987]
[1283.719576, -1696.449302, 934.768858]
[1271.503691, -1823.275383, 829.233277]
[1222.7269, -1697.986456, 905.061941]
[1308.694722, -1840.218121, 846.293929]
[1264.374256, -1691.601816, 892.126013]
[1211.380177, -1874.672273, 1004.036944]
[1333.634905, -1805.512961, 847.205403]
[1301.580974, -1826.479252, 827.260617]
[1305.902254, -1875.272793, 854.878638]
[1309.418861, -1691.75709, 953.497327]
[1212.433515, -1714.833876, 847.797465]
[1284.093846, -1906.344194, 876.097101]
[1245.370983, -1678.403893, 877.637994]
[1198.282024, -1881.794921, 1013.157037]
[1379.743084, -1765.878204, 909.016196]
[1242.176987, -1930.015983, 919.859776]
[1306.783122, -1682.674404, 885.004328]
[1259.050769, -1661.975988, 949.129782]
[1275.185627, -1693.391121, 841.356264]
[1217.860167, -1863.181931, 1045.668694]
[1297.492344, -1775.033212, 798.622757]
[1127.220951, -1789.673685, 992.259098]
[1137.200681, -1736.094472, 981.635347]
[1329.007958, -1844.57174, 820.159592]
[1317.357232, -1687.140213, 865.875191]
[1242.962902, -1892.268819, 1037.796534]
[1322.396503, -1868.528161, 824.69217]
[1268.340331, -1655.373589, 897.162257]
[1121.682166, -1793.584558, 993.542061]
[1233.738057, -1705.280482, 816.781377]
[1249.979964, -1786.258231, 783.105409]
[1237.541638, -1726.866403, 800.161871]
[1311.242154, -1845.142881, 796.002684]
[1347.814322, -1796.730976, 808.649537]
[1166.922699, -1761.716121, 1052.646845]
[1331.171718, -1824.963414, 798.52942]
[1281.311459, -1671.185868, 842.333142]
[1227.497546, -1666.520434, 845.602278]
[1234.516912, -1843.136556, 1079.174881]
[1309.58348, -1675.681544, 845.224032]
[1251.499484, -1904.279407, 813.329359]
[1194.618229, -1839.133451, 787.972447]
[1295.479689, -1925.960512, 843.856144]
[1393.588973, -1770.014375, 855.279114]
[1274.56026, -1794.76437, 769.008377]
[1195.011828, -1839.893614, 783.95368]
[1239.265197, -1914.019157, 817.348444]
[1269.382555, -1764.294052, 1088.605713]
[1308.606785, -1649.436747, 975.782938]
[1131.391715, -1799.336495, 1041.572491]
[1323.134567, -1672.715047, 845.036657]
[1103.230791, -1761.490386, 991.361171]
[1353.692197, -1684.62472, 859.273994]
[1170.761996, -1910.3255, 1021.627601]
[1164.366636, -1870.270301, 806.867813]
[1406.935363, -1751.189959, 989.733439]
[1350.777045, -1746.369722, 797.279384]
[1348.820753, -1702.47434, 819.32171]
[1260.059813, -1936.406803, 825.206149]
[1353.958012, -1796.41819, 786.329271]
[1204.890772, -1639.740282, 868.164748]
[1126.317001, -1754.938869, 1044.111164]
[1333.746772, -1721.298615, 792.35864]
[1364.8568, -1720.037867, 1044.047934]
[1088.218188, -1840.760375, 876.729016]
[1149.884229, -1925.327408, 1002.61047]
[1201.025109, -1882.77946, 1079.706359]
[1217.761028, -1620.693303, 948.042579]
[1149.25622, -1925.65196, 1002.938947]
[1217.717329, -1620.96275, 905.503715]
[1218.406543, -1619.886769, 904.202996]
[1339.786465, -1881.202975, 791.718462]
[1299.983472, -1627.144981, 985.476809]
[1240.594075, -1612.994493, 946.950761]
[1076.878206, -1817.527288, 983.690151]
[1255.811884, -1612.103647, 955.029921]
[1111.102579, -1810.516003, 1050.983737]
[1351.725573, -1841.522032, 776.090972]
[1407.496402, -1760.032828, 828.200125]
[1285.06991, -1931.06803, 800.200821]
[1260.13929, -1608.43865, 947.504548]
[1357.696055, -1790.214003, 771.157788]
[1219.356386, -1970.229298, 1001.903329]
[1226.206957, -1607.834682, 925.904921]
[1342.828238, -1861.687916, 773.737785]
[1348.618251, -1762.338237, 767.361946]
[1295.387606, -1619.15097, 870.361757]
[1291.438974, -1612.282751, 891.971098]
[1378.71702, -1649.022005, 915.573138]
[1410.583908, -1757.758288, 821.405068]
[1136.490184, -1932.655811, 1007.790947]
[1136.482146, -1932.641106, 1007.836249]
[1173.076448, -1974.84925, 944.594683]
[1126.256528, -1845.866916, 1070.369349]
[1294.661602, -1617.888164, 858.900942]
[1110.397253, -1876.146124, 1040.698682]
[1374.946475, -1737.587766, 1073.855437]
[1317.85389, -1857.907333, 752.702921]
[1205.640104, -1612.518419, 983.819298]
[1395.461737, -1659.783598, 958.064636]
[1314.083538, -1933.367616, 796.421112]
[1073.087588, -1709.059544, 926.666779]
[1310.945819, -1955.066154, 820.679622]
[1318.096596, -1858.376075, 749.696987]
[1299.934934, -1683.816464, 770.193296]
[1248.479719, -1622.993561, 1033.327425]
[1238.26432, -1998.807332, 918.675278]
[1405.273766, -1790.338809, 794.550031]
[1172.081575, -1616.997849, 875.847877]
[1177.723057, -1615.719773, 869.478998]
[1094.785982, -1836.668381, 1055.368251]
[1438.761416, -1708.297516, 908.627242]
[1141.32021, -1624.078225, 910.268155]
[1272.845858, -1782.19051, 723.712393]
[1272.848321, -1782.194795, 723.654837]
[1272.870117, -1782.228334, 723.470437]
[1267.143639, -1738.347644, 1128.371326]
[1156.595052, -1962.729268, 1009.570267]
[1129.572906, -1934.353167, 1026.353403]
[1330.326162, -1694.993686, 764.857578]
[1191.031387, -1612.973482, 853.413112]
[1191.029413, -1612.96967, 853.420099]
[1350.385928, -1851.40737, 753.245292]
[1222.06764, -1593.924138, 892.449729]
[1351.529213, -1734.130041, 755.908353]
[1177.190912, -1805.653156, 1125.202056]
[1129.317282, -1918.803515, 1047.957151]
[1129.316475, -1918.804332, 1047.957291]
[1129.056314, -1918.957084, 1047.957151]
[1306.967043, -1961.503611, 810.007728]
[1357.901106, -1799.172508, 745.543769]
[1209.872369, -1825.485171, 723.604512]
[1273.675754, -1783.034636, 718.368481]
[1201.281782, -1611.147834, 839.916506]
[1201.281936, -1611.148131, 839.914673]
[1200.575733, -1609.784231, 842.463038]
[1200.562775, -1609.759206, 842.50968]
[1192.982271, -1835.973905, 728.62303]
[1064.876334, -1811.001371, 1029.226009]
[1256.217228, -1601.616648, 843.514492]
[1117.363044, -1632.183765, 926.80861]
[1240.91591, -1628.454688, 795.075181]
[1166.53284, -1957.481073, 813.329359]
[1134.353389, -1618.812208, 963.724528]
[1319.387618, -1860.864528, 733.01632]
[1210.21145, -1609.796569, 827.231133]
[1193.169347, -1836.496368, 723.643392]
[1091.71933, -1886.257271, 1046.486565]
[1362.555744, -1786.580998, 740.995885]
[1246.024756, -1625.34688, 792.489292]
[1307.431322, -1722.834922, 1129.699126]
[1284.771346, -1585.111972, 980.515194]
[1342.325531, -1728.858089, 740.127716]
[1133.405249, -1955.079881, 833.385787]
[1164.747192, -1999.064919, 925.688313]
[1180.607205, -1621.891788, 1043.541394]
[1248.548336, -1681.186462, 741.076077]
[1054.30612, -1813.840875, 1025.75411]
[1355.508773, -1728.120013, 745.619482]
[1219.520289, -1646.372084, 769.261716]
[1324.391, -1932.366254, 767.452887]
[1360.499587, -1797.024463, 733.875652]
[1200.6478, -1850.778435, 717.468635]
[1188.069782, -1581.459519, 926.80861]
[1194.454633, -1579.150338, 921.65597]
[1236.955919, -1571.395819, 923.106504]
[1198.81894, -1577.603944, 918.012731]
[1062.508869, -1917.518527, 949.371595]
[1239.698842, -1832.898422, 1155.450314]
[1228.223839, -1944.484408, 1106.464871]
[1222.522111, -1569.694682, 896.369318]
[1106.891677, -1948.940391, 1027.992458]
[1415.369968, -1740.308724, 770.996916]
[1358.462513, -1709.157834, 739.773698]
[1240.901131, -1576.933353, 847.577445]
[1356.62688, -1850.420935, 725.112052]
[1099.470953, -1952.588449, 1018.775364]
[1155.361387, -1586.520674, 976.966929]
[1155.064712, -1860.698125, 723.643392]
[1378.396716, -1594.202799, 916.042869]
[1025.431576, -1809.745247, 1001.626531]
[1363.71093, -1789.323563, 717.600861]
[1157.001989, -2014.260316, 959.43466]
[1214.201977, -1712.570526, 1151.89275]
[1314.87201, -1965.480255, 768.133561]
[1359.643491, -1685.485823, 742.865073]
[1107.788773, -1954.232963, 1044.018162]
[1243.13447, -1825.191345, 1170.781654]
[1069.110743, -1899.335597, 1051.515164]
[1091.95801, -1717.793038, 765.413327]
[1099.424899, -1938.267857, 1055.590286]
[1060.718329, -1799.913571, 779.394161]
[1278.13428, -1567.57258, 1009.393896]
[1376.577064, -1812.696713, 718.992157]
[1087.745963, -1623.865481, 984.596798]
[1254.768248, -1560.507604, 860.983431]
[1233.034685, -2034.406378, 865.948115]
[1168.934802, -1881.719522, 713.502514]
[1257.416597, -1561.774178, 853.418602]
[1365.683674, -1619.037875, 798.926513]
[1262.563014, -1562.052162, 846.294942]
[1278.77299, -1809.782787, 681.706602]
[1260.821913, -1559.027685, 853.413112]
[1260.820487, -1559.025204, 853.41777]
[1260.819061, -1559.022723, 853.422428]
[1260.797663, -1558.985505, 853.492297]
[1260.77341, -1558.94332, 853.571478]
[1260.722807, -1558.859273, 853.732826]
[1357.782444, -1589.715638, 1022.472225]
[1260.432517, -1558.350373, 854.683165]
[1260.383928, -1558.265857, 854.841425]
[1069.262753, -1726.11095, 1086.05877]
[1242.108236, -1887.090718, 694.211406]
[1335.864482, -1764.778559, 692.122549]
[1186.285025, -1583.987929, 1054.815552]
[1313.203278, -1699.555074, 1158.605671]
[1231.453988, -1558.543669, 838.585097]
[1064.466814, -1635.274828, 992.168094]
[1012.852975, -1785.452041, 841.228393]
[1075.198594, -1955.784579, 1027.993798]
[1263.218711, -1822.636626, 673.083607]
[1205.499355, -2048.700693, 898.022358]
[1245.782374, -1540.895394, 961.225029]
[1181.230268, -1718.258346, 1164.903654]
[1179.892012, -1569.837509, 1029.239946]
[1274.071605, -1977.129977, 744.101029]
[1376.163939, -1600.878063, 1046.977536]
[1115.176205, -1942.820874, 1094.317919]
[1177.559035, -1917.046431, 712.118112]
[1292.116507, -1581.856619, 1070.200627]
[1168.966463, -1995.378464, 783.4051]
[1312.457005, -1563.548988, 829.453093]
[1248.482853, -1537.565223, 892.226294]
[1187.434584, -1690.916924, 698.884929]
[1153.387592, -1928.267759, 725.265057]
[1196.586144, -1579.584234, 792.559652]
[1277.887357, -1639.758168, 1139.267788]
[1252.143405, -1600.16001, 754.667315]
[1290.75221, -1591.140945, 769.261716]
[1338.905219, -1589.404767, 1067.981451]
[1321.2834, -1624.644898, 741.076077]
[1363.799632, -1729.537663, 699.026638]
[1096.307894, -1946.629549, 1083.204009]
[1324.939048, -1707.594807, 688.865492]
[1252.452546, -1598.045071, 751.131402]
[1285.794869, -1587.505837, 1093.306848]
[1060.871854, -1622.021879, 994.39097]
[1013.153712, -1806.308875, 1049.168223]
[1239.968575, -2047.667308, 832.222917]
[1337.120528, -1780.822293, 674.323027]
[1256.099141, -1530.865678, 974.841869]
[1272.025183, -1650.738449, 703.141293]
[1159.391778, -1551.867518, 994.568953]
[1272.21302, -2022.481169, 781.064493]
[1037.697676, -1647.622112, 1001.74699]
[1187.475128, -2059.112283, 898.185216]
[1187.576725, -2059.141751, 898.022358]
[1187.548779, -2059.156772, 898.037116]
[1276.46928, -2019.812733, 774.578294]
[1119.027339, -1995.798314, 800.277073]
[1067.754275, -1941.406412, 1067.873787]
[1249.032416, -1551.859557, 809.840067]
[1177.984562, -1544.226371, 859.028936]
[1179.500261, -1890.547539, 1175.57644]
[1064.960517, -1970.663874, 1026.353416]
[1274.559425, -1734.072602, 1195.388013]
[1006.961594, -1810.077191, 1050.185014]
[1246.268519, -1584.311943, 756.281067]
[1146.332698, -1545.047228, 907.860674]
[1349.353208, -1713.018299, 1172.965888]
[1352.634635, -1718.725987, 1173.885614]
[1111.914217, -1741.50731, 698.884929]
[1182.075581, -1996.308158, 1107.290226]
[1438.221195, -1735.44687, 733.875652]
[1190.18987, -1541.993035, 843.188545]
[1316.787337, -1566.52778, 790.669367]
[1283.818375, -1599.547507, 738.13833]
[1130.706665, -2024.409877, 1029.211761]
[1180.722223, -1549.513648, 827.967318]
[1399.285674, -1685.134936, 722.262154]
[1318.103348, -1971.720978, 724.292567]
[1021.486207, -1811.255739, 1081.931248]
[1206.865269, -2063.345327, 865.609297]
[1253.135545, -1591.891947, 740.641477]
[1159.667249, -1696.138038, 686.54399]
[1405.813588, -1687.104092, 722.808387]
[1251.996484, -1610.74035, 720.775825]
[1263.333968, -1609.7862, 721.386257]
[1333.576506, -1803.504241, 659.630053]
[1022.422437, -1874.359531, 1072.263197]
[1406.453719, -1678.767387, 723.643392]
[1085.60524, -1569.544992, 946.301506]
[1039.832519, -1983.430451, 928.505368]
[1061.001508, -1624.696915, 811.141176]
[1044.0698, -1605.736606, 949.208548]
[1003.223531, -1675.277112, 988.864509]
[1234.529323, -1513.294692, 932.914609]
[1245.158868, -1511.836256, 919.652246]
[1002.73678, -1674.337043, 992.783304]
[1319.839428, -1874.760171, 662.62287]
[1071.869482, -1674.728638, 745.131692]
[1167.410914, -2069.931521, 907.346225]
[1192.616232, -2068.874613, 853.373239]
[1061.322416, -1604.112434, 1026.619967]
[1163.496136, -2072.015188, 908.863241]
[1206.021747, -2067.716013, 836.31179]
[1285.642754, -1605.075612, 1145.738497]
[1186.79445, -1514.179957, 907.892205]
[1156.521431, -1971.343223, 716.844693]
[991.51274, -1680.510592, 992.168094]
[1303.162646, -1632.674811, 691.863989]
[995.766966, -1675.364291, 1001.373356]
[1077.542855, -1980.057272, 781.416229]
[1059.263198, -1578.729435, 963.572827]
[1066.769393, -1960.00735, 770.192592]
[1300.107415, -1553.73124, 769.986126]
[1349.141193, -1824.793824, 651.748727]
[1171.404534, -1997.987633, 1130.074696]
[1349.141001, -1909.469321, 673.277147]
[1386.581736, -1696.138478, 685.036066]
[1300.634796, -1554.749778, 765.138737]
[1194.431272, -1676.809887, 664.660154]
[1196.677362, -1506.380508, 907.895709]
[994.003013, -1672.296085, 1006.239838]
[993.882267, -1672.08606, 1006.314046]
[1200.171483, -1504.131134, 907.297237]
[1199.962035, -1503.766822, 907.890453]
[1199.969554, -1503.760822, 907.890453]
[1199.958965, -1503.761482, 907.899144]
[1199.948177, -1503.742718, 908.011323]
[1308.967767, -1994.419432, 712.043354]
[967.405699, -1733.84461, 866.87723]
[1199.528689, -1503.013063, 911.652285]
[1163.691812, -1516.622607, 988.705555]
[1211.51088, -1981.214008, 696.284094]
[1199.124131, -1502.305567, 910.261023]
[1174.369883, -2078.91749, 861.9795]
[983.085212, -1681.884512, 994.970811]
[1365.379405, -1518.736318, 950.500525]
[1304.644213, -2000.837853, 713.343103]
[1094.053973, -1952.958769, 1134.152682]
[999.005408, -1941.881327, 1007.452451]
[1031.776574, -1975.937571, 1033.146515]
[1478.996471, -1606.269736, 997.011397]
[1165.117777, -2082.168795, 875.000411]
[1281.170716, -1700.886184, 643.004592]
[1365.877793, -1546.1882, 799.883697]
[1181.033085, -2078.722194, 840.131919]
[1089.549655, -2001.811474, 1084.929245]
[1035.643166, -1587.536865, 976.838367]
[1212.956176, -2076.170755, 811.101712]
[1185.248481, -1601.822438, 702.637461]
[1232.240986, -1512.975329, 813.663151]
[1262.790869, -1505.86974, 1030.980312]
[977.108615, -1681.503702, 1007.18981]
[1251.767471, -1633.58306, 1192.829008]
[1315.40336, -1983.992842, 690.220159]
[1120.502047, -1696.029026, 1192.154547]
[1011.738883, -1982.84916, 864.348583]
[1005.728269, -1978.453203, 874.715985]
[1241.208865, -1537.932261, 756.52772]
[978.736831, -1673.499581, 1011.96108]
[1181.342514, -1495.050234, 898.116969]
[1121.322979, -1994.941487, 726.728436]
[1156.458213, -2088.671075, 868.373099]
[1291.907718, -1559.903916, 728.318644]
[1170.496894, -1885.922581, 1218.765547]
[984.784239, -1846.242818, 1084.802284]
[964.760415, -1692.419495, 999.604653]
[964.6974, -1692.44859, 999.618352]
[1323.800932, -1551.368282, 745.376453]
[1267.121198, -1620.582924, 668.906864]
[966.695172, -1687.486703, 1007.217712]
[990.829544, -1907.116273, 1069.978091]
[1189.467887, -1609.953874, 1178.53823]
[1294.258782, -1698.347126, 1230.38889]
[1162.162584, -1931.973295, 1205.27327]
[1248.768822, -1538.510761, 739.111361]
[1267.177227, -1932.295818, 637.628901]
[1018.262488, -1995.184761, 1026.425256]
[1167.047183, -1991.783064, 687.486129]
[1219.617177, -1664.386836, 636.680749]
[1186.72955, -1480.750345, 944.046299]
[1341.084776, -1555.26376, 1126.149683]
[1194.569021, -1675.220186, 1223.924823]
[1318.661482, -1646.844201, 1208.978059]
[1270.731299, -1626.862305, 651.929484]
[950.520317, -1699.074613, 1002.388524]
[1252.4723, -1538.982285, 729.838509]
[1014.028521, -2011.922986, 990.804772]
[1118.478825, -2095.763737, 920.126814]
[1136.630546, -2099.294724, 873.360078]
[1234.15516, -2081.678021, 765.288825]
[1158.378898, -1925.452025, 1218.541405]
[1195.784872, -1496.501098, 804.563616]
[1049.363487, -2043.768965, 1013.193559]
[1332.914341, -1552.663417, 721.386257]
[1013.280438, -1979.583794, 1066.6554]
[1386.541111, -1774.116461, 626.903801]
[1483.464068, -1579.617713, 1029.811895]
[1435.176147, -1741.594463, 657.123207]
[1236.328507, -1632.313313, 1218.016364]
[1008.073211, -2000.421423, 1025.878445]
[1007.690615, -2000.61759, 1025.851444]
[984.717937, -1878.384074, 1110.47491]
[982.43477, -1943.708176, 1058.406064]
[1057.218258, -1596.973696, 1111.382937]
[1156.657195, -1922.397265, 1224.551195]
[1012.953029, -1822.181359, 1164.026391]
[1186.890792, -1856.02234, 1254.677957]
[1080.864365, -2085.414989, 958.809517]
[1174.79396, -1468.240788, 938.4905]
[1117.014515, -2060.306453, 1092.782713]
[941.364171, -1846.203167, 1054.093344]
[1158.051272, -1535.623156, 734.216893]
[1346.456966, -1643.589715, 640.745297]
[1091.371386, -1973.034068, 687.457859]
[1003.785816, -1984.484041, 1066.229629]
[1207.420426, -1562.386101, 1172.802027]
[1099.762783, -2100.632728, 901.724776]
[933.024335, -1706.456712, 1006.994061]
[1301.910302, -1505.04317, 758.076143]
[972.530154, -1613.427977, 1003.144862]
[1235.846463, -1771.794109, 1272.002231]
[928.693572, -1710.039898, 1004.534077]
[971.981872, -1948.981735, 1057.94003]
[1001.176824, -1983.626138, 784.731703]
[1122.963727, -2111.50015, 868.313383]
[1215.391315, -1638.397747, 1234.773728]
[1213.45074, -1476.685498, 1054.240098]
[1279.433539, -1712.98157, 1265.003711]
[1256.757334, -2068.562666, 711.357248]
[1180.149579, -1560.464511, 684.142226]
[1265.09938, -1722.626712, 588.180521]
[1061.049837, -2089.25912, 949.27162]
[1256.509736, -1549.745261, 681.306099]
[1203.729631, -1856.730413, 587.801799]
[959.552501, -1619.315943, 1006.515197]
[959.489057, -1619.193412, 1006.990706]
[959.454726, -1619.127109, 1007.116626]
[919.380631, -1714.187863, 1006.30501]
[961.618455, -1963.456494, 1036.722742]
[951.972688, -1909.578945, 1073.845895]
[1225.350411, -1679.254232, 1261.571699]
[1090.326437, -2110.854251, 920.362413]
[956.684863, -1620.213651, 1007.81843]
[1277.356756, -1709.683254, 1272.949125]
[1348.173429, -1642.793302, 623.954711]
[1231.486341, -2091.276535, 729.072162]
[1415.938917, -1692.783861, 629.237367]
[1038.713605, -2052.943227, 1058.020518]
[939.897018, -1868.751907, 771.548863]
[1132.110973, -1719.011346, 1258.29481]
[1155.212455, -1451.324807, 926.773924]
[983.256949, -1990.868024, 1066.678572]
[1095.881438, -1934.810776, 1222.674327]
[1394.987681, -1527.879437, 1122.187867]
[1233.40774, -1563.29942, 1203.30636]
[980.993017, -2014.222971, 1022.805696]
[946.76716, -1624.906998, 1010.362767]
[1099.793557, -1489.226947, 1039.56889]
[1360.603556, -1702.300087, 598.083838]
[1067.65296, -1800.529113, 1241.231736]
[1273.884319, -1603.085165, 1236.4107]
[1212.344371, -1632.513146, 1251.237986]
[974.181685, -2009.194921, 1026.923589]
[1273.997567, -1599.339022, 1235.29684]
[1130.472286, -2030.298991, 677.66631]
[912.417319, -1909.145967, 995.381466]
[1379.000152, -1454.874689, 950.685021]
[1084.926185, -1941.278, 1219.935975]
[1224.03131, -1494.765244, 1133.172028]
[1151.078768, -1694.34566, 1265.325658]
[1167.181835, -1860.833636, 1279.754676]
[1229.800041, -2088.202917, 707.668862]
[1306.910829, -1576.35654, 1218.039146]
[1221.896373, -2101.705206, 727.246344]
[1336.473912, -1622.042054, 617.176323]
[1032.319414, -2000.50734, 717.095371]
[1141.87386, -1460.861326, 1031.158073]
[914.744114, -1943.14534, 939.353753]
[1348.722283, -1648.858225, 605.59477]
[1111.800236, -1904.225674, 605.461293]
[896.653061, -1734.144925, 855.105064]
[1089.023122, -2124.161287, 877.071786]
[1057.901396, -1483.654975, 955.32796]
[1310.884533, -1999.247712, 624.566825]
[1278.363983, -1511.378833, 694.874912]
[1469.218712, -1620.196238, 1173.885614]
[1143.240755, -1899.060819, 1269.020835]
[914.131321, -1878.62406, 802.446027]
[1318.827007, -1435.69739, 874.439498]
[1185.600356, -2121.726859, 761.341072]
[1246.397544, -1711.038347, 1291.698173]
[1061.050616, -1482.437961, 988.834072]
[1236.727257, -1497.17038, 1153.925426]
[1126.415475, -1467.741273, 1057.413789]
[1073.143649, -1979.276441, 1204.515007]
[1196.968727, -2120.010226, 746.036889]
[1530.46714, -1671.988327, 708.875548]
[1201.538775, -1633.266529, 1264.401762]
[1201.529401, -1633.248425, 1264.453304]
[1097.893339, -1930.916969, 1245.430312]
[1036.163019, -1970.372194, 1184.418103]
[1219.569093, -1562.834041, 1224.053779]
[1084.889834, -1962.859561, 1226.668668]
[897.0094, -1905.229541, 1006.48612]
[1171.364859, -2133.341962, 772.185722]
[1082.901443, -1964.270121, 1225.958874]
[1269.30807, -1700.494382, 1297.408644]
[917.952025, -1638.334125, 1016.149156]
[1239.149475, -1571.929137, 1237.297582]
[1350.608981, -1806.751509, 560.960235]
[1408.717033, -1557.770211, 675.986166]
[1283.279254, -2031.429246, 629.467578]
[1113.853452, -1979.604027, 622.413568]
[1301.937634, -1416.397521, 907.890453]
[1505.036008, -1590.987579, 723.637303]
[1288.391749, -1577.135859, 1244.231161]
[1099.540456, -2065.613472, 1162.111771]
[1210.604499, -1562.931075, 1236.39791]
[1145.827716, -1872.758691, 1295.867625]
[888.524134, -1822.30161, 795.835512]
[1283.026007, -1577.572397, 1251.165894]
[1360.219324, -1784.315751, 554.432673]
[1121.98462, -1762.365013, 1295.774624]
[1286.448339, -1575.813697, 1249.767743]
[1093.752532, -1745.003979, 1282.523928]
[1279.877217, -1551.596797, 625.945829]
[920.889666, -1648.715853, 1075.298848]
[1089.437917, -1584.357455, 1215.309486]
[1280.596591, -1577.850769, 1254.229152]
[872.423795, -1738.440046, 1006.542451]
[1010.687488, -1600.521316, 1168.288344]
[1358.429829, -1809.593107, 551.084281]
[1233.25897, -1640.636723, 569.283434]
[908.934159, -1708.406015, 760.700871]
[1287.18858, -2020.378393, 607.188]
[1025.787343, -2023.300816, 1158.230437]
[1120.511677, -1892.344227, 1288.116964]
[1494.298333, -1673.391517, 643.745572]
[1063.959466, -1943.159348, 1243.707433]
[1288.115169, -1635.751922, 570.524349]
[1014.843381, -1536.517808, 1108.019599]
[1179.27667, -1693.488728, 1305.124285]
[1051.6876, -2137.777284, 906.173138]
[1331.5818, -1862.797852, 546.38867]
[1148.679995, -2147.397686, 775.644018]
[1061.33727, -1975.188742, 1227.8203]
[1043.659857, -2134.329979, 915.975163]
[1334.722852, -1615.389697, 585.569876]
[1337.019766, -1622.547064, 582.223156]
[1284.054015, -1650.035729, 1297.981997]
[1114.904067, -1943.043567, 1272.998937]
[1168.944456, -1421.412639, 1034.89676]
[1063.307094, -1966.989905, 1237.781903]
[1272.268685, -1578.934087, 1264.252822]
[1244.86326, -1483.269987, 681.872686]
[1272.211678, -1578.83895, 1264.401762]
[1272.142141, -1578.848036, 1264.483762]
[858.773855, -1809.245762, 860.099354]
[1151.969848, -2129.073416, 728.323212]
[1146.638213, -2149.924463, 770.567913]
[1296.247464, -1951.827962, 560.866525]
[1131.059838, -2150.745533, 781.762381]
[1040.266641, -2138.793067, 910.865261]
[934.574508, -2027.754735, 1018.631867]
[1138.111259, -2067.237138, 652.778436]
[1253.502167, -1704.436017, 1322.594874]
[1270.954881, -1577.745017, 1268.441009]
[1171.728708, -2141.004608, 733.321604]
[854.234534, -1758.317313, 983.833918]
[1199.873971, -2125.62116, 699.685509]
[905.596299, -1963.971034, 1054.119664]
[1495.61676, -1675.323057, 627.434287]
[1343.159751, -1545.504833, 1236.4107]
[1056.846404, -2147.737867, 861.243977]
[881.798015, -1879.523802, 781.638966]
[1221.46793, -2110.608174, 670.040059]
[1181.214064, -2137.186922, 715.088736]
[1422.394524, -1523.316891, 1181.595089]
[1195.427646, -2127.311446, 695.24067]
[957.043785, -1527.06222, 1016.023335]
[1270.626611, -2096.283416, 649.702555]
[1345.406105, -1667.288916, 551.560167]
[1184.533164, -2134.847485, 707.059172]
[963.734169, -2085.067232, 970.554778]
[1105.021025, -1579.024412, 1244.955768]
[1301.065584, -1551.669729, 602.956147]
[1184.450732, -2136.371059, 706.550733]
[1226.214826, -2100.150882, 651.970625]
[1148.362824, -2153.501796, 749.013271]
[1350.325564, -1759.525533, 1329.742849]
[936.013675, -1973.82608, 1129.815498]
[1412.22429, -1802.428495, 546.38867]
[1185.690307, -1564.573783, 1267.018258]
[1215.62706, -1638.853044, 1312.604466]
[846.074229, -1752.843966, 1003.59379]
[1228.650988, -2104.84457, 650.420353]
[1067.353423, -1799.131957, 1302.23833]
[869.405325, -1662.34722, 1020.505092]
[869.40175, -1662.341087, 1020.513585]
[869.377606, -1662.294457, 1020.57716]
[1418.753815, -1517.983128, 1191.623116]
[985.230268, -1957.83356, 651.335771]
[985.597131, -2082.870461, 1077.561286]
[931.902077, -1738.370686, 1191.694072]
[1300.679395, -2003.737388, 566.339288]
[1000.616932, -1535.168264, 715.353981]
[1265.013158, -1566.317902, 1283.394265]
[939.314013, -1643.425345, 1168.288344]
[1101.055878, -2162.907936, 780.95681]
[909.765672, -2011.391568, 1055.520833]
[941.724273, -1584.884068, 1124.658487]
[1290.561091, -1993.001429, 554.884448]
[1173.878242, -1407.798569, 1080.144381]
[1425.654741, -1425.304428, 817.432744]
[834.77928, -1759.202672, 1001.615741]
[1284.428137, -1562.394827, 574.953978]
[1127.791523, -1857.726653, 1333.541283]
[1313.90408, -1400.590693, 1076.942836]
[1141.604595, -1402.302997, 1049.57318]
[1354.033877, -1770.539029, 514.92973]
[1246.844216, -1687.326868, 1343.516696]
[1164.819953, -1811.659409, 1348.590554]
[1220.134278, -2112.677295, 641.675688]
[1111.643568, -2169.17133, 770.014219]
[1167.664428, -1706.598714, 1340.242929]
[1295.647345, -1732.655401, 507.469061]
[1310.578196, -1393.114371, 1064.445744]
[1089.073536, -1635.58746, 1292.933195]
[1400.122955, -1932.906115, 548.925808]
[848.14129, -1933.373799, 979.006342]
[1160.053802, -1586.000926, 1293.065257]
[1160.027425, -1585.955044, 1293.136194]
[1161.410298, -2152.720698, 703.54138]
[1259.602613, -1551.3704, 574.411474]
[1229.962253, -1587.68575, 1307.302179]
[1174.450659, -2146.272158, 686.762384]
[1138.120007, -2162.810184, 727.601889]
[825.769622, -1764.356233, 999.722055]
[1009.843077, -1959.156997, 1251.381034]
[1394.588343, -1423.349318, 1101.583188]
[1216.921769, -1544.455087, 1283.660649]
[905.849183, -2051.603275, 1001.476193]
[1098.139591, -1623.908462, 1299.433639]
[1195.786194, -2125.861822, 645.78764]
[1442.287632, -1798.679758, 534.389452]
[1316.747848, -1413.273971, 1131.754183]
[997.542177, -1800.140365, 1286.022834]
[1471.089349, -1416.586408, 950.500525]
[1409.217351, -1504.011881, 1217.011403]
[1151.308142, -2159.190123, 702.434532]
[1277.665926, -1448.006267, 1196.053524]
[1067.688368, -2079.251485, 647.983948]
[1227.794332, -2104.28009, 615.435221]
[1366.597296, -1418.204674, 1125.429915]
[1242.031772, -1678.906324, 1354.858079]
[900.393778, -2054.440342, 998.870384]
[1226.162785, -2108.055324, 616.272544]
[1113.612411, -1859.083133, 1345.425122]
[1215.856067, -1683.062931, 501.821827]
[1081.042031, -1891.87411, 1328.740154]
[847.413129, -1687.488048, 1075.767767]
[832.768226, -1681.637395, 1019.264059]
[1057.777228, -1913.623424, 1312.661157]
[1133.492293, -2165.853578, 710.2208]
[1101.449511, -1868.567077, 1342.520855]
[1102.822679, -2177.321882, 750.501614]
[1300.740531, -1936.339748, 507.753414]
[1145.235319, -1422.32015, 710.830526]
[807.038143, -1838.928006, 938.450224]
[1341.53957, -1789.356844, 489.783185]
[1162.965939, -1610.495824, 1327.766311]
[1012.477364, -2171.071468, 866.578852]
[1116.61491, -1895.88157, 1346.759656]
[803.449047, -1795.107986, 955.119208]
[803.332923, -1795.120046, 955.304631]
[1145.616079, -2164.031841, 691.507001]
[908.119872, -1999.309157, 1137.782367]
[1132.2037, -1385.908526, 1070.51412]
[1222.624139, -1760.031817, 1378.642163]
[914.783783, -2087.158433, 855.894346]
[1303.984423, -1973.11274, 516.67116]
[900.58508, -1527.793772, 1017.467592]
[1153.313383, -1356.346226, 951.9559]
[1202.524417, -1593.523038, 1331.57939]
[800.065416, -1784.907644, 947.968716]
[1092.130605, -2010.689795, 563.174331]
[1145.217319, -1570.49836, 1307.887892]
[1012.067366, -1834.313775, 1313.963189]
[1108.370125, -1594.516611, 1311.585905]
[1157.646611, -2158.858849, 668.197988]
[1141.210246, -1571.600704, 1310.830041]
[1128.161941, -1448.003332, 1196.763272]
[1249.32559, -2047.422003, 546.313909]
[1201.657857, -2114.533051, 603.722169]
[1146.872365, -2164.678991, 677.813353]
[1507.351223, -1422.102635, 860.379387]
[1304.891793, -1494.398096, 1270.603897]
[1119.496018, -2176.131755, 706.377085]
[1091.613528, -1866.359096, 1354.957037]
[1191.70419, -1570.723255, 1325.744967]
[1140.775328, -2167.938438, 680.729487]
[1302.5086, -1900.070047, 482.960597]
[1156.408436, -1428.010045, 1189.674788]
[1291.255103, -1535.578609, 1308.492828]
[1344.590105, -1839.967219, 478.851]
[1304.038073, -1489.223911, 1270.812766]
[1140.139395, -1569.532555, 1315.927056]
[940.763156, -2137.602322, 941.517434]
[1009.815292, -2014.791746, 1256.926516]
[1168.762334, -1768.07017, 1383.66563]
[977.872101, -2167.326529, 887.403283]
[1159.337606, -1433.105021, 1200.84005]
[1152.485232, -2156.699479, 654.781565]
[1142.224628, -2163.365739, 667.527827]
[1098.975273, -1435.184382, 682.009809]
[1232.67465, -1557.786822, 1327.766311]
[1211.89343, -1694.311926, 477.385189]
[1117.150414, -2176.530793, 695.892293]
[1164.28953, -2155.3129, 645.023257]
[876.360188, -2066.785037, 986.723954]
[1154.364361, -1424.458764, 1193.809039]
[923.512437, -1489.67023, 1060.80212]
[1263.116742, -1955.111845, 487.710429]
[1443.179721, -1675.9335, 517.73944]
[969.654421, -1940.030211, 583.526769]
[1500.484271, -1637.721045, 563.11863]
[1105.788113, -2183.052251, 703.903045]
[1309.96002, -1812.3164, 462.120895]
[869.490177, -2053.5169, 1026.839957]
[1241.975839, -2048.059371, 530.444836]
[868.895216, -2052.872895, 1027.271318]
[1126.480574, -2172.109189, 672.653198]
[1206.519248, -1432.256942, 633.220924]
[1262.074361, -2005.920141, 505.858034]
[984.122216, -2176.131448, 843.632425]
[857.109095, -2045.188444, 1000.971631]
[842.00028, -2013.642452, 1019.752432]
[1209.057714, -1519.587773, 1311.585905]
[1214.930761, -1680.835724, 1387.745156]
[1209.046055, -1519.567493, 1311.637235]
[1354.260301, -1595.433153, 512.348395]
[800.415385, -1902.853826, 1024.555805]
[1127.635305, -2174.461664, 670.181224]
[1305.997938, -1428.028197, 1225.689655]
[1251.457531, -1718.138525, 459.622815]
[1281.150665, -1582.145876, 504.969239]
[1281.147163, -1582.154704, 504.942049]
[1127.310872, -1582.557976, 1336.650934]
[1197.049667, -2127.675594, 590.503635]
[1199.933387, -2124.825017, 587.144903]
[1098.062074, -2186.8634, 701.260922]
[791.586445, -1704.579414, 1012.988421]
[1112.592215, -2179.106718, 678.178713]
[775.211013, -1821.611388, 926.285788]
[1174.141009, -2134.759692, 599.56629]
