[1256.216415, -1793.713523, 943.599214]
[1300.73961, -1824.854316, 909.016196]
[1247.368356, -1737.87515, 898.463113]
[1271.491464, -1728.773663, 928.755672]
[1251.524739, -1829.79791, 993.071526]
[1214.057524, -1828.869152, 981.751078]
[1208.20575, -1750.19049, 882.514309]
[1230.947407, -1713.034695, 962.432895]
[1191.525119, -1788.166495, 857.219109]
[1211.469466, -1840.780633, 1004.344702]
[1186.263176, -1732.294852, 894.993292]
[1169.932426, -1790.347935, 875.708033]
[1218.555499, -1771.871417, 839.84145]
[1219.520342, -1771.170167, 839.193483]
[1299.202822, -1734.422622, 865.235981]
[1279.359024, -1710.934859, 882.6457]
[1314.39018, -1829.595465, 855.279114]
[1304.854203, -1708.066071, 915.573138]
[1316.034239, -1828.539467, 852.420987]
[1252.686608, -1818.835072, 825.63036]
[1156.894093, -1796.010485, 882.6457]
[1156.892109, -1796.011315, 882.647683]
[1156.892297, -1796.011642, 882.6457]
[1156.899067, -1796.023418, 882.576937]
[1157.094858, -1796.363975, 881.925874]
[1158.712201, -1799.17288, 874.686475]
[1183.205726, -1812.272406, 846.631535]
[1146.240469, -1785.56249, 951.251257]
[1194.475401, -1823.640391, 839.439723]
[1216.877751, -1796.418238, 822.581441]
[1155.77605, -1768.404319, 983.690151]
[1366.245306, -1787.698501, 911.34303]
[1236.258431, -1891.659207, 994.113233]
[1137.605694, -1773.611534, 910.90949]
[1301.170183, -1904.242078, 901.325973]
[1309.418861, -1691.75709, 953.497327]
[1137.917344, -1804.709538, 891.013188]
[1309.785485, -1873.158167, 848.566601]
[1247.704843, -1763.437197, 808.339812]
[1268.606576, -1683.600506, 873.769617]
[1355.138575, -1870.471643, 950.899772]
[1314.650129, -1815.563931, 819.51803]
[1249.791735, -1762.938907, 805.685101]
[1333.425594, -1822.196683, 1028.47177]
[1171.986886, -1885.359214, 980.847767]
[1310.251935, -1683.559444, 974.61317]
[1331.907725, -1818.098724, 821.405068]
[1119.491616, -1813.642445, 897.296363]
[1215.555439, -1898.049834, 1016.638362]
[1256.748544, -1778.29482, 792.35864]
[1120.211242, -1815.459152, 891.739136]
[1129.400458, -1748.192561, 972.781567]
[1251.454867, -1927.03019, 875.278892]
[1125.532157, -1830.906164, 880.03712]
[1329.007958, -1844.57174, 820.159592]
[1369.921669, -1870.463724, 890.786408]
[1110.910416, -1805.509655, 908.286832]
[1219.364688, -1769.87724, 791.659942]
[1322.396503, -1868.528161, 824.69217]
[1291.887793, -1867.023087, 805.89293]
[1182.434576, -1879.858955, 828.052879]
[1187.10195, -1848.558066, 795.878178]
[1322.005312, -1696.117106, 829.459398]
[1277.780581, -1644.441123, 888.667998]
[1353.69245, -1684.624573, 859.27474]
[1095.905477, -1849.544404, 946.396352]
[1182.801273, -1841.077504, 784.799048]
[1402.730583, -1863.841307, 965.000993]
[1396.325979, -1854.458342, 995.172619]
[1213.569038, -1846.011011, 774.242695]
[1328.235213, -1879.683974, 804.361195]
[1093.763538, -1835.153017, 882.625927]
[1086.629891, -1830.703337, 904.228425]
[1234.542989, -1633.101405, 880.365009]
[1286.764086, -1640.970305, 865.020106]
[1348.820753, -1702.47434, 819.32171]
[1220.633875, -1844.685188, 764.902241]
[1081.366781, -1787.885339, 974.092343]
[1211.959754, -1624.723638, 950.92087]
[1265.478267, -1939.862645, 1038.295554]
[1314.52069, -1902.714556, 1065.271972]
[1328.94084, -1799.40819, 1095.787722]
[1290.720351, -1625.204719, 981.635347]
[1311.813772, -1745.316118, 762.077927]
[1311.588726, -1745.547511, 761.807152]
[1076.878206, -1817.527288, 983.690151]
[1081.137025, -1872.01682, 923.33938]
[1134.500784, -1757.064026, 1069.650531]
[1109.146625, -1679.219684, 964.980157]
[1334.429476, -1970.452223, 922.976733]
[1195.066862, -1831.923858, 750.070233]
[1092.791464, -1765.674448, 1030.719955]
[1295.979577, -1677.224037, 783.018085]
[1321.335569, -1690.958109, 780.865266]
[1136.482146, -1932.641106, 1007.836249]
[1294.661602, -1617.888164, 858.900942]
[1302.420591, -1824.830826, 740.779572]
[1296.892604, -1726.320676, 750.771713]
[1286.69974, -1602.696835, 947.811125]
[1375.427734, -1737.206839, 1073.855437]
[1338.95638, -1881.75265, 771.775536]
[1295.70362, -1612.779477, 991.895783]
[1058.755008, -1846.288724, 905.89454]
[1339.712805, -1630.833059, 1005.23169]
[1167.757288, -1617.882976, 880.566692]
[1319.98606, -1639.971215, 816.176208]
[1319.991023, -1639.976772, 816.125275]
[1320.641192, -1640.657211, 809.624811]
[1247.112572, -1947.492757, 783.4051]
[1357.471401, -1803.20364, 746.492672]
[1080.059374, -1880.463689, 842.44976]
[1080.695312, -1894.170746, 854.917926]
[1300.238922, -1607.642054, 846.470164]
[1204.79299, -1608.524305, 839.914673]
[1165.334141, -1900.301026, 762.439566]
[1161.375926, -1901.876128, 765.090634]
[1213.911196, -1873.308847, 731.226017]
[1351.299305, -1811.347623, 1124.752424]
[1430.114382, -1826.25334, 800.200821]
[1247.474619, -1576.05325, 944.056108]
[1136.498065, -1911.258707, 779.783106]
[1284.334863, -1678.755494, 1115.296571]
[1312.888017, -1709.528244, 1125.202056]
[1052.759297, -1714.383083, 980.027475]
[1229.32768, -1967.286583, 787.802036]
[1257.839374, -1960.264943, 777.910704]
[1072.196002, -1901.568827, 845.481687]
[1284.244685, -1601.47355, 821.485884]
[1062.081697, -1686.575503, 983.818926]
[1174.021722, -1582.398856, 937.462839]
[1245.253547, -1850.394445, 706.100794]
[1128.551282, -1918.240581, 778.404342]
[1281.354747, -1827.884403, 1156.665953]
[1308.03996, -1608.982793, 806.361619]
[1322.941239, -1647.13028, 767.354465]
[1180.667469, -1576.428637, 929.80311]
[1310.747941, -1787.639767, 1154.780318]
[1111.749357, -1944.038475, 815.566617]
[1030.13077, -1863.387481, 903.46386]
[1075.49722, -1715.691561, 799.26716]
[1232.967176, -1566.493051, 885.731653]
[1073.23652, -1647.29785, 956.788204]
[1174.506002, -1677.601432, 742.324112]
[1100.879066, -1922.333394, 797.245871]
[1232.359567, -1869.71136, 702.783819]
[1363.71093, -1789.323563, 717.600861]
[1309.203189, -1618.983882, 778.885616]
[1229.776237, -1558.158503, 949.70805]
[1193.16521, -1899.150529, 719.605864]
[1298.75256, -1676.375709, 1134.190869]
[1310.828586, -1740.133606, 700.708026]
[1139.753898, -1923.118195, 755.382419]
[1353.646877, -1793.652, 707.566681]
[1056.124125, -1666.112421, 990.621223]
[1304.415221, -1761.559474, 692.061717]
[1087.284931, -1624.08545, 984.772537]
[1257.34965, -1567.784144, 839.916506]
[1014.38036, -1755.900819, 975.207861]
[1096.828999, -1950.815629, 816.620867]
[1200.491549, -1871.847827, 700.362201]
[1008.506891, -1832.622168, 925.846639]
[1155.351749, -1920.926554, 738.179677]
[1245.371243, -1575.621959, 816.042344]
[1125.384507, -1929.297289, 761.241998]
[1076.195064, -1629.981798, 986.928541]
[1302.782661, -1784.625745, 1174.949815]
[1076.002376, -1629.646638, 988.369775]
[1075.928613, -1629.518335, 988.920276]
[1075.926983, -1629.519411, 988.920276]
[1075.825279, -1629.604499, 988.864509]
[1075.926916, -1629.515384, 988.92481]
[1075.89977, -1629.468166, 988.99735]
[1075.870925, -1629.417993, 989.07442]
[1311.253809, -1969.795506, 756.679422]
[1386.316179, -1817.103017, 716.844693]
[1193.684165, -1582.363553, 1047.663622]
[1353.222911, -1791.31087, 1161.352058]
[1075.408462, -1628.613589, 992.783304]
[1075.002223, -1627.90698, 991.39034]
[1311.064397, -1749.471556, 687.23825]
[1061.668417, -1638.844309, 988.922075]
[1318.607067, -1621.099386, 756.06292]
[1104.261178, -1935.220652, 772.984557]
[1270.980702, -1556.754523, 839.914673]
[1270.982092, -1556.752962, 839.916506]
[1270.982259, -1556.753252, 839.914673]
[1270.985096, -1556.758188, 839.883511]
[1270.991323, -1556.753104, 839.883511]
[1270.988283, -1556.763732, 839.851181]
[1271.035097, -1556.710119, 839.914804]
[1249.94748, -1607.719548, 755.526917]
[1270.221372, -1555.417716, 842.458602]
[1270.202704, -1555.397302, 842.50968]
[1307.883209, -1761.569341, 679.70671]
[1192.495107, -1906.839479, 702.982715]
[1117.240051, -1992.68952, 825.170278]
[1186.978445, -1550.494939, 988.920276]
[1193.954649, -1906.957149, 699.000624]
[1187.823288, -1549.847805, 988.920276]
[1076.513281, -1612.391428, 990.268478]
[1299.211983, -1689.492387, 1167.909456]
[1137.16468, -1935.070356, 734.560485]
[1258.868907, -1535.683388, 878.839656]
[1166.135526, -1924.4219, 712.349468]
[1384.759438, -1922.695162, 734.121469]
[1133.655507, -1936.889041, 735.591689]
[1152.627694, -1823.012438, 1178.074924]
[1110.036522, -1580.17661, 1001.339841]
[1256.099141, -1530.865678, 974.841869]
[1006.465437, -1899.411081, 889.888322]
[1029.936342, -1737.236076, 1072.324987]
[1024.40251, -1775.854849, 1075.414133]
[1268.933019, -1596.742097, 744.177681]
[1219.621981, -1660.620419, 1164.575068]
[1259.309422, -1891.430015, 672.638869]
[1073.29125, -1976.375432, 1034.27382]
[1026.844831, -1764.485714, 1082.371804]
[1052.010087, -1986.007278, 919.614275]
[1105.619986, -1946.508303, 749.917065]
[1318.103348, -1971.720978, 724.292567]
[1259.494262, -1891.853579, 668.636283]
[1310.629682, -1767.243888, 657.029037]
[1297.634723, -2002.391285, 741.369406]
[1300.739603, -1552.007965, 793.129913]
[1060.572599, -1677.004635, 757.692089]
[1245.158868, -1511.836256, 919.652246]
[1319.839991, -1874.773561, 662.613897]
[1328.78573, -1601.778594, 734.670636]
[1269.738041, -1531.146754, 822.194752]
[1275.272138, -1785.537379, 1215.833508]
[1061.322416, -1604.112434, 1026.619967]
[1438.155568, -1915.799714, 742.229002]
[1218.65939, -1788.88139, 642.417585]
[1061.350382, -1677.875604, 747.748191]
[1341.297514, -1934.934301, 688.707807]
[1013.01935, -1650.632584, 1006.071961]
[1106.651273, -1863.390317, 1173.164291]
[1234.454405, -1560.848391, 758.076143]
[1357.291889, -1965.512514, 713.293234]
[1399.74583, -1836.777918, 677.480843]
[1275.07497, -1521.08388, 828.184701]
[1349.138579, -1824.650382, 651.801241]
[975.161121, -1876.555935, 991.307298]
[1267.609132, -1785.341694, 1226.719043]
[993.880594, -1672.087054, 1006.314046]
[993.772024, -1672.159663, 1006.30501]
[1220.67601, -1897.404393, 650.741008]
[1062.047101, -1958.44601, 767.117576]
[1211.449582, -2072.199067, 820.592491]
[1278.671004, -1690.469957, 651.170529]
[990.577002, -1921.955608, 857.070675]
[1088.168599, -1669.650051, 713.237469]
[1179.690169, -1603.331293, 709.850592]
[1199.105478, -1916.361362, 654.884183]
[1401.019418, -1814.8957, 662.62287]
[1197.960709, -1520.944179, 1049.681141]
[1331.211678, -1506.216711, 874.432069]
[988.26012, -1784.848469, 1082.654183]
[1349.5954, -1676.335818, 1195.388013]
[1036.162189, -1621.262913, 1060.482783]
[1312.412775, -1628.817156, 678.07388]
[1489.058194, -1603.343776, 974.412269]
[1136.534533, -1952.487879, 689.913705]
[1033.017923, -1991.852029, 1024.23762]
[1372.426611, -1772.052714, 645.484317]
[1251.767471, -1633.58306, 1192.829008]
[982.124501, -1929.573849, 850.0188]
[1141.539866, -1866.644134, 646.064775]
[1200.092457, -1917.50211, 646.101864]
[992.777325, -1893.949269, 1073.433793]
[1243.610142, -1839.701705, 619.889334]
[1324.341035, -1590.841941, 704.965862]
[1144.333346, -1951.119795, 678.119626]
[1207.870117, -1911.899342, 639.867868]
[1446.552103, -1633.244782, 1122.461278]
[1361.099122, -1628.008661, 1178.018249]
[1252.009196, -1547.450325, 1131.415914]
[1062.53755, -1971.363305, 739.045085]
[1032.865311, -1968.41743, 769.935834]
[1215.883828, -1906.452591, 629.179385]
[1242.813442, -1789.298002, 1254.056466]
[1297.014327, -1496.36243, 1046.33393]
[1148.08158, -1855.71777, 627.030438]
[1091.925125, -1904.354211, 667.072586]
[1176.757958, -1804.900078, 611.900022]
[1038.14753, -1677.882792, 713.702372]
[953.506939, -1915.677329, 872.289064]
[1291.549526, -1816.995423, 604.370917]
[1017.789807, -1968.415731, 777.034629]
[1058.306836, -2061.200592, 950.864392]
[1213.840268, -1638.354051, 642.452593]
[1332.914341, -1552.663417, 721.386257]
[1311.63183, -1780.643201, 604.140658]
[1057.244605, -1596.95652, 1111.383184]
[1005.698177, -1575.906543, 893.454923]
[1350.297413, -1488.449467, 840.041155]
[1173.466187, -1824.840131, 602.90528]
[1015.034707, -1568.139991, 1010.680904]
[1320.379141, -1501.065463, 776.198123]
[934.464384, -1706.021758, 1006.274495]
[938.297473, -1830.393955, 1056.438669]
[932.711439, -1707.591639, 1005.057582]
[1529.997043, -1663.32325, 781.642644]
[1086.757986, -2096.79741, 914.913782]
[1352.873828, -1631.432118, 645.651471]
[1043.838944, -2019.331062, 1094.73991]
[1114.38097, -1878.98473, 621.92656]
[990.683856, -2005.211702, 1026.645108]
[936.232491, -1926.752628, 861.531907]
[1216.474391, -1795.837096, 1276.893455]
[1285.049419, -1622.374874, 628.262596]
[1528.570235, -1661.232929, 759.026163]
[1321.967281, -1520.40983, 724.289636]
[1176.337011, -1812.702622, 586.443209]
[1073.901874, -1966.312352, 677.388447]
[1073.341739, -1743.896177, 1228.664129]
[1178.345876, -1876.227654, 593.045687]
[1049.331989, -1986.77762, 711.28541]
[1349.859515, -1666.69603, 614.27693]
[1125.365416, -1726.201652, 1253.542787]
[1217.923155, -1632.556886, 1243.437115]
[1067.472452, -1494.868725, 961.476531]
[1067.519562, -1898.767965, 641.453493]
[902.560795, -1733.26777, 959.810133]
[1182.033233, -1938.050315, 607.631006]
[1291.121552, -1558.636521, 661.324747]
[1048.308856, -1924.534201, 660.457561]
[1040.573238, -2072.182484, 1029.211761]
[1063.274048, -1914.607353, 644.922829]
[1064.887303, -1988.669488, 686.732233]
[1140.75029, -2125.093747, 822.836982]
[974.214202, -2009.235749, 1026.894286]
[1133.867949, -1469.948334, 1035.56011]
[1136.852767, -1849.266787, 587.891823]
[1151.078768, -1694.34566, 1265.325658]
[1320.592101, -1483.506832, 754.004023]
[1376.481042, -1464.300697, 839.914673]
[1348.554414, -1903.336476, 592.489446]
[1209.986244, -1632.629742, 1254.193436]
[1306.918711, -1576.350006, 1218.039146]
[1378.452568, -1463.746562, 837.123084]
[1308.444057, -1443.647487, 843.149318]
[1195.165661, -1928.831234, 590.160936]
[922.506601, -1940.748251, 844.858381]
[1132.043668, -1936.983634, 1251.538406]
[1222.119369, -1909.467081, 576.625064]
[1246.395238, -1711.039725, 1291.699558]
[1099.96213, -1880.880586, 600.961051]
[1362.673751, -1810.283377, 573.753909]
[1088.794172, -1860.274756, 601.168909]
[1070.224852, -1905.296087, 623.18371]
[1256.596706, -1588.192353, 619.021029]
[1256.596782, -1588.192438, 619.018858]
[1047.409195, -1995.104384, 686.04538]
[1192.727651, -1931.041357, 584.253058]
[1330.598189, -1651.85658, 591.046665]
[963.490957, -1704.767728, 1151.796024]
[1044.52739, -2019.238502, 1152.453649]
[1089.374791, -1988.083531, 644.350267]
[1039.492618, -1924.344445, 641.443819]
[884.973748, -1731.783513, 1007.156416]
[1041.261506, -1922.291713, 636.144991]
[1041.261353, -1922.291756, 636.144909]
[1305.132743, -1720.902824, 1301.829181]
[1160.872199, -1954.36607, 591.925891]
[1169.798104, -1421.892946, 903.328898]
[1067.684515, -2074.517831, 1121.888417]
[1353.291232, -1561.917507, 641.29254]
[1288.392227, -1577.135821, 1244.230531]
[1241.702712, -2071.34284, 658.174854]
[1297.996796, -1534.939116, 648.25117]
[1262.555082, -1858.9714, 547.204866]
[1099.23944, -1986.048117, 628.225063]
[1052.51931, -1693.755288, 613.222879]
[1301.073008, -1719.072698, 1307.399463]
[1302.946024, -1717.653508, 1307.399463]
[1302.932905, -1717.634288, 1307.457556]
[1303.368793, -1717.19588, 1307.671894]
[1082.138799, -1980.6411, 631.543701]
[1302.822939, -1717.473184, 1307.944311]
[1175.020545, -1801.878037, 1311.633569]
[1092.951193, -1877.862107, 583.000461]
[1287.286789, -1639.206577, 572.819519]
[1089.437917, -1584.357455, 1215.309486]
[908.430188, -1953.428393, 827.497861]
[1284.356187, -1458.030253, 734.986353]
[888.225167, -1799.113762, 1073.340605]
[972.351523, -1955.526067, 704.994067]
[1303.693453, -1724.25128, 1312.776193]
[1059.267441, -1531.733052, 1148.030471]
[1283.057612, -1570.158881, 608.199177]
[1119.138605, -1940.607207, 1273.000326]
[1337.659843, -1624.332459, 582.395994]
[912.121151, -1963.980565, 811.285273]
[957.510674, -1993.312656, 749.335294]
[891.188483, -1955.620463, 877.583349]
[1327.936659, -1422.930443, 1048.017055]
[1332.985231, -1694.447488, 1307.399463]
[1283.60076, -1560.404351, 1250.281626]
[942.839949, -1987.892736, 764.692401]
[1075.75207, -1754.523643, 1286.022834]
[1147.302655, -1821.037644, 1315.560079]
[1356.307643, -1566.20668, 618.497934]
[1022.941064, -2005.078943, 675.72364]
[1023.079833, -2005.421847, 674.124047]
[1296.247464, -1951.827962, 560.866525]
[1131.059838, -2150.745533, 781.762381]
[1178.649866, -2101.750304, 676.67563]
[1091.523518, -1512.746048, 1165.369779]
[1091.514827, -1991.088919, 615.237897]
[1213.891397, -1503.974306, 1204.280806]
[1138.111259, -2067.237138, 652.778436]
[1141.303352, -1823.676655, 1317.710292]
[1120.926899, -1978.374647, 592.779495]
[1332.236544, -1612.025036, 578.167149]
[1190.353823, -1416.508807, 1056.833898]
[1429.40853, -1523.269352, 1172.751377]
[1268.634399, -1959.365883, 556.143164]
[1166.723878, -1799.704744, 1328.113721]
[1133.375502, -1826.352746, 541.003231]
[1360.985925, -1415.716171, 1029.239946]
[1246.114876, -1811.109376, 520.615451]
[895.402283, -1960.899424, 815.797112]
[1249.359026, -1559.196811, 596.095532]
[886.474033, -1958.250421, 842.633646]
[1198.686036, -1450.483255, 1142.745078]
[1192.566483, -1963.098312, 559.14548]
[1009.459981, -2120.527478, 861.936029]
[1657.662784, -1723.893969, 930.973993]
[1077.163213, -1608.741395, 609.203561]
[1286.715343, -1423.812722, 759.670288]
[868.186427, -1729.486534, 800.814871]
[1185.219259, -2135.921065, 705.857861]
[1264.96741, -1780.59403, 518.337163]
[1294.367571, -1705.08578, 1329.010618]
[1167.788949, -1637.64232, 1300.017516]
[1178.92493, -2139.562944, 711.201642]
[1233.23032, -2102.164811, 650.420353]
[1038.480711, -2061.800233, 1166.551237]
[968.062468, -1793.341344, 627.648646]
[1280.501943, -1711.514052, 1335.65027]
[1215.62706, -1638.853044, 1312.604466]
[846.074229, -1752.843966, 1003.59379]
[1200.478311, -2127.401304, 682.249512]
[1335.799227, -1479.864859, 672.18202]
[1139.533014, -1812.741502, 528.935324]
[1289.938787, -1648.582092, 541.102257]
[1270.760338, -1497.222924, 639.269811]
[1322.920506, -1749.776683, 520.163674]
[892.873277, -1969.016537, 802.353476]
[1037.806384, -2012.921341, 1217.261794]
[1340.987853, -1884.076607, 528.678317]
[1258.297426, -1719.059494, 517.010542]
[1271.369242, -1778.457681, 509.711438]
[1091.741494, -1859.641954, 545.193833]
[1000.616932, -1535.168264, 715.353981]
[1244.718769, -1583.441019, 1294.141131]
[1131.635021, -1427.495329, 1095.18469]
[986.897938, -1958.024226, 641.774021]
[1047.438521, -1897.05834, 571.377655]
[885.046717, -1605.319915, 1022.153018]
[1228.847468, -1386.109586, 821.806666]
[1303.986353, -1515.721057, 613.000389]
[1031.006898, -2085.10693, 1153.18561]
[858.788809, -1759.347274, 1089.938803]
[1064.992923, -1880.43737, 554.759879]
[1081.569428, -1471.314418, 710.830526]
[1220.134278, -2112.677295, 641.675688]
[1053.764782, -1550.026891, 1218.018313]
[1415.889069, -1883.11894, 542.122665]
[1038.990377, -2009.855573, 622.453207]
[929.787321, -1526.437436, 1019.442186]
[1149.099255, -1789.094719, 510.418757]
[1229.962253, -1587.68575, 1307.302179]
[1384.276912, -1963.160376, 552.558808]
[1286.2283, -1693.16147, 1348.799769]
[885.610951, -1977.210468, 787.145129]
[1148.265094, -1788.837116, 509.117038]
[1198.609845, -1969.359543, 534.97596]
[1118.36406, -2168.011068, 748.353583]
[906.288641, -1846.843456, 1188.847415]
[1403.171636, -1929.690332, 542.404308]
[1302.07011, -1553.609783, 570.541757]
[1357.217367, -1609.832077, 549.019114]
[816.739708, -1789.580142, 961.81486]
[1076.693341, -1999.313942, 580.592368]
[1097.375042, -1932.973462, 1318.898106]
[1024.230098, -1565.260091, 1226.723014]
[1077.235054, -1855.90482, 1329.935122]
[1076.951457, -1856.201585, 1329.779541]
[1008.985083, -1916.598382, 581.3054]
[1226.162785, -2108.055324, 616.272544]
[884.670858, -1967.630336, 752.501379]
[974.086649, -1938.019965, 613.82445]
[866.917794, -1971.119501, 795.253425]
[1036.893448, -1715.099272, 1309.435379]
[1270.184446, -1835.518548, 486.648384]
[930.089057, -2104.129175, 913.26202]
[1318.557171, -1517.519166, 587.767719]
[1091.274651, -1993.026745, 561.875263]
[1419.935991, -1622.276253, 1307.401466]
[908.782572, -2070.865129, 1016.416455]
[1162.965939, -1610.495824, 1327.766311]
[803.418527, -1795.054901, 955.364915]
[803.332923, -1795.120046, 955.304631]
[906.079875, -2070.038122, 1022.736014]
[1001.463245, -1499.993879, 1158.00715]
[861.892652, -1966.115841, 778.627358]
[1089.798904, -1645.048761, 1323.053761]
[1203.272949, -1593.537849, 1330.587944]
[1419.605462, -1888.563582, 518.464663]
[1052.51596, -1870.33425, 1329.356239]
[1202.524417, -1593.523038, 1331.57939]
[1365.172208, -1641.886375, 517.208797]
[819.696787, -1917.46102, 858.706276]
[1085.377212, -2029.504764, 572.998878]
[812.69756, -1922.609063, 926.677911]
[1221.167354, -1892.73337, 482.714391]
[1002.585895, -2181.050562, 939.476584]
[1348.234799, -1490.018205, 602.356857]
[1356.960123, -1587.999915, 534.604578]
[1334.231332, -1655.923224, 499.669746]
[1119.493253, -2176.133171, 706.37686]
[1230.051865, -1400.599466, 696.494072]
[1146.909552, -2165.118472, 673.203857]
[1305.05782, -1429.712248, 655.119335]
[1312.249592, -1936.766734, 493.746176]
[1038.445875, -1589.986899, 577.330731]
[1280.180798, -1348.665964, 823.042608]
[1103.286916, -1580.520995, 1308.902166]
[806.620355, -1903.777891, 870.659814]
[843.491729, -2003.810829, 993.521291]
[1366.064808, -1724.500142, 485.93995]
[978.035017, -1860.045297, 1299.084387]
[1026.990056, -1886.235176, 1325.963501]
[1023.105122, -1889.082088, 1324.474485]
[1164.28953, -2155.3129, 645.023257]
[893.093677, -2062.959837, 1061.341597]
[1166.204863, -1851.254538, 1386.338196]
[963.793351, -1931.4705, 587.177806]
[1348.465803, -1397.373763, 1153.925426]
[871.800853, -1996.575294, 743.907845]
[1042.609451, -1881.330194, 519.366731]
[1030.289575, -1419.574521, 1097.143091]
[1341.376857, -1386.988215, 1140.315347]
[872.052476, -2058.465499, 1012.30885]
[1250.230693, -1853.23142, 463.029393]
[871.263997, -1997.553368, 741.374478]
[1056.837308, -2006.332884, 555.292111]
[932.922816, -1672.08962, 1253.914439]
[1153.152708, -2157.988582, 637.82506]
[1014.120707, -1890.667488, 529.751124]
[1204.267583, -2120.880759, 584.804826]
[984.151737, -1989.967797, 1271.230406]
[1211.698384, -2112.923895, 576.212433]
[1037.703332, -1868.509936, 510.78204]
[999.726662, -2014.493238, 1269.876572]
[1151.741262, -1949.939361, 488.538938]
[869.319623, -2001.461213, 730.816084]
[1243.355606, -1858.510509, 455.448333]
[1353.320709, -1597.546494, 506.394983]
[869.22642, -2001.667769, 730.237177]
[1324.76917, -1855.632865, 459.866093]
[1400.775885, -1474.009826, 1251.237986]
[1400.763684, -1473.991951, 1251.291843]
[1400.76158, -1473.988869, 1251.301128]
[977.647134, -1926.752204, 1299.828716]
[960.590459, -2025.605966, 626.402866]
[990.81556, -1481.473383, 1178.19286]
[1096.196678, -1652.216973, 1359.248459]
[1619.053597, -1527.874891, 775.208888]
[773.505612, -1818.645026, 931.172227]
[1006.426625, -2017.187324, 1280.681411]
[773.42402, -1795.848938, 982.708282]
[770.842377, -1820.834855, 928.679465]
[1283.027579, -1318.148874, 870.809832]
[1167.625147, -1329.509283, 841.004388]
[1155.962375, -1760.770899, 457.431192]
[1070.779043, -1685.270051, 1363.728991]
[1097.649832, -1648.501398, 1363.450749]
[1149.523283, -1482.580063, 1283.739312]
[1108.821943, -1978.646057, 503.212942]
[1073.813159, -2194.331073, 715.991061]
[1278.874636, -1332.494798, 787.023605]
[1259.136194, -1832.395736, 443.628772]
[768.16839, -1799.169951, 980.383448]
[960.823715, -1935.919992, 1295.192994]
[1260.878473, -2033.797603, 502.543302]
[856.963705, -2079.756457, 972.111853]
[1218.112423, -1884.113353, 449.642407]
[867.152786, -2006.973894, 714.51067]
[1224.251291, -2114.640056, 558.641426]
[1079.983101, -1813.66823, 471.29127]
[866.983086, -2007.760776, 712.059754]
[1184.754849, -1688.826677, 1403.891615]
[1028.517844, -1547.052429, 1288.394279]
[1295.219015, -1399.13882, 644.0093]
[1137.000778, -1616.114267, 1372.687772]
[797.801078, -1956.597348, 830.246876]
[886.441014, -2028.15145, 1163.887656]
[1202.576803, -2116.307821, 557.518624]
[1064.723526, -1432.920404, 1204.204399]
[866.626689, -2009.149378, 707.575658]
[1119.352723, -2180.78414, 649.154406]
[1265.30831, -1752.954241, 1421.817092]
[1284.442474, -1459.79334, 569.349181]
[933.950693, -1960.654012, 1270.548991]
[889.33609, -2020.33361, 1180.221038]
[1546.973348, -1688.19412, 546.38867]
[882.23147, -1473.024933, 980.9272]
[847.533625, -2072.391393, 856.822556]
[891.445112, -2015.763791, 1189.132551]
[835.69529, -2014.803548, 773.331207]
[1023.067183, -1974.514064, 1332.06604]
[852.51103, -2011.30205, 1129.815498]
[1033.466134, -1961.289454, 1344.416976]
[1221.944737, -1875.70051, 439.539363]
[1352.569549, -1877.484679, 448.634278]
[899.384416, -2001.962242, 1213.651215]
[1220.789072, -1876.56966, 438.764542]
[916.514613, -1434.531003, 990.321451]
[1143.622044, -2166.489285, 612.755591]
[1301.756921, -1898.658098, 441.187301]
[890.820041, -1998.566173, 646.950632]
[752.751997, -1802.868505, 975.779472]
[1272.826517, -1807.614967, 1431.819606]
[794.96179, -1839.878801, 727.046108]
[865.964883, -2014.394919, 689.168964]
[1212.255627, -1882.86296, 433.523365]
[1300.759812, -1892.153069, 435.679398]
[1138.657487, -2172.329696, 609.335006]
[1109.269597, -1421.750737, 1238.662599]
[1149.75206, -1345.88643, 1138.741854]
[1150.226078, -2159.832885, 588.94315]
[838.020986, -2004.96293, 722.757778]
[1310.453863, -1800.745364, 424.070492]
[819.708967, -1988.53622, 743.650174]
[998.842665, -1873.05744, 493.788747]
[778.578328, -1827.468467, 1115.749623]
[1214.462933, -1449.432475, 1302.182747]
[1332.299481, -1659.704315, 443.662453]
[1241.985126, -1638.903602, 443.085263]
[1058.274467, -2203.52303, 687.187497]
[835.31186, -1697.520732, 1208.598975]
[1258.739573, -1687.587073, 428.804065]
[1208.747426, -1556.95871, 1380.722478]
[1336.330274, -1848.506553, 426.034545]
[1156.379909, -2153.229089, 572.523706]
[927.068796, -1926.457589, 1305.058829]
[1453.333299, -1937.97602, 477.911424]
[960.076446, -1900.981375, 520.273888]
[1200.543869, -1891.264914, 426.456035]
[1037.631514, -1934.453809, 1376.760972]
[1145.10566, -1503.236941, 520.355272]
[1670.501268, -1496.410728, 967.612058]
[1197.822588, -1893.231265, 425.827287]
[866.784328, -2019.681624, 667.379236]
[1184.164539, -2124.362198, 534.777997]
[858.47682, -1711.504083, 1253.914439]
[734.848643, -1785.009417, 934.953072]
[1068.148191, -1641.345057, 1389.378912]
[938.111565, -1681.977527, 1327.147135]
[1205.454631, -2096.189768, 506.625192]
[1107.558332, -2177.282045, 604.509592]
[942.293888, -2046.739469, 1265.307909]
[1093.870554, -1630.104856, 1397.491523]
[770.499799, -1610.939854, 1000.29438]
[1180.088249, -2126.01049, 530.414556]
[1143.919343, -1335.74105, 1149.425259]
[1294.784868, -1744.876962, 410.129733]
[1191.31958, -1554.116942, 1389.721942]
[1295.440496, -2015.974994, 455.187441]
[1136.392365, -1296.820035, 1034.807719]
[1452.707722, -1617.291386, 477.763363]
[1213.073212, -1578.820881, 452.381688]
[753.308334, -1668.572248, 1038.00419]
[868.517666, -2068.538242, 1167.828276]
[1313.874129, -1678.054778, 418.59752]
[1064.022934, -1334.613639, 1101.768305]
[962.025274, -2007.631367, 1317.505842]
[785.344846, -2023.011679, 828.379996]
[925.77424, -2037.204592, 1269.420715]
[1210.943938, -1450.226417, 1327.650398]
[1204.721056, -1550.411724, 1396.438308]
[1204.399929, -1550.589478, 1396.54935]
[1204.413884, -1550.578638, 1396.54935]
[819.558727, -1690.204821, 1215.538248]
[1204.354038, -1550.516977, 1396.611993]
[728.790039, -1858.049167, 879.352475]
[1023.822923, -2212.801558, 690.818266]
[727.771652, -1859.065731, 877.707983]
[1332.850867, -1629.105051, 431.476089]
[1223.080603, -2116.485352, 505.241614]
[734.950637, -1890.09302, 850.867644]
[925.890823, -2027.985062, 1281.037496]
[743.470725, -1916.835484, 823.749526]
[997.94477, -2018.864179, 515.888554]
[1001.346868, -1863.622329, 1396.644479]
[1154.829388, -1397.126382, 1271.191762]
[1221.175897, -1537.262193, 1396.78822]
[1048.760008, -1982.340361, 470.550981]
[824.398624, -1857.39671, 613.915729]
[1032.176072, -2212.230633, 672.832744]
[724.279277, -1862.470699, 872.420629]
[1340.610343, -1472.870477, 511.789374]
[947.363872, -1890.783328, 499.116243]
[722.010612, -1832.789932, 996.100693]
[1050.578284, -1653.181827, 1405.287572]
[1326.622325, -1645.141825, 419.851605]
[1215.142693, -1975.281944, 424.099627]
[1121.916094, -1951.451736, 431.321523]
[1083.550689, -2194.92592, 608.761136]
[1051.785315, -2188.958966, 619.323084]
[1181.400033, -1613.961796, 427.229354]
[1219.373523, -1571.561822, 440.097515]
[759.433201, -1582.43756, 986.657627]
[898.881055, -2206.547848, 918.987311]
[1151.629015, -1439.036287, 1323.362741]
[915.077791, -1908.998955, 521.200723]
[938.459091, -2198.742687, 746.031085]
[875.362306, -2028.217791, 616.412179]
[1107.071108, -1960.28972, 433.15719]
[1176.768593, -1560.932144, 1412.646915]
[798.29586, -2093.513094, 940.884116]
[993.830567, -1957.433294, 1379.15313]
[1073.119759, -1356.531357, 667.589156]
[763.74234, -2023.639794, 861.355657]
[751.834516, -1948.427621, 781.192524]
[1271.12708, -1327.959899, 653.016811]
[716.695073, -1870.089248, 860.09005]
[1264.756939, -1321.528913, 660.584285]
[1548.770604, -1690.827161, 482.389372]
[1268.252389, -1321.715784, 658.334156]
[940.794214, -1894.716222, 489.429359]
[1262.819452, -1599.88466, 416.172321]
[1237.462925, -1709.322062, 386.732608]
[756.264267, -2032.279467, 960.17937]
[797.404384, -2038.126045, 732.567727]
[1404.2232, -1485.208566, 499.80916]
[882.722701, -2030.285941, 592.71941]
[1197.840897, -1561.601822, 1426.596018]
[1052.735686, -1787.652637, 1445.11922]
[922.83234, -2054.205511, 567.488953]
[1058.285413, -2203.913473, 608.519672]
[787.972001, -2043.949145, 757.774061]
[1194.713407, -1536.398391, 1415.237094]
[1090.763778, -2186.86304, 570.756214]
[708.151601, -1869.454325, 854.772596]
[1246.706655, -1514.528465, 452.037239]
[1007.769657, -1675.020536, 1412.646915]
[1025.853843, -2216.64157, 643.984484]
[1363.056891, -1720.218836, 389.404114]
[910.3838, -1508.821601, 1260.615004]
[1386.408237, -1618.643033, 418.59752]
[1211.744164, -1524.051274, 444.739122]
[965.932795, -2220.874013, 705.173415]
[1022.329617, -2215.417454, 638.219693]
[1043.807776, -1752.827274, 1447.491975]
[863.225651, -1721.610637, 1327.147135]
[1038.801197, -1337.335114, 686.453861]
[857.707533, -2024.736827, 600.421279]
[893.819299, -2031.129084, 565.238095]
[969.256151, -1701.103008, 1406.968907]
[938.183588, -1870.425943, 467.890694]
[965.20203, -1846.943227, 447.12678]
[1008.90411, -2218.382568, 644.111087]
[709.593239, -1925.165135, 838.545382]
[1240.634162, -1961.218099, 388.311683]
[1081.114772, -2188.256362, 558.15855]
[979.901472, -1690.380178, 1414.404514]
[1314.394544, -1993.855199, 401.802518]
[814.331787, -1882.355381, 1278.16266]
[689.097214, -1853.660558, 927.848533]
[1187.678358, -2073.622019, 438.364932]
[987.671967, -1421.550972, 596.102945]
[783.230566, -2043.753783, 725.689428]
[702.672981, -1672.089534, 999.043601]
[1119.087749, -1935.906291, 393.068116]
[728.280712, -2020.522154, 922.069462]
[796.657097, -1731.430381, 1267.064343]
[1065.919896, -1797.135593, 1470.272559]
[965.116318, -1698.904016, 1414.341733]
[1080.309019, -1456.422212, 1356.680069]
[1020.916544, -1780.004571, 405.516049]
[1204.736023, -1510.912982, 1424.978704]
[724.087041, -2016.929658, 890.76536]
[1186.053617, -1523.711502, 1431.390121]
[1312.449497, -1654.404195, 375.267292]
[955.626159, -1704.51575, 1413.928415]
[918.766577, -2028.301398, 521.661618]
[1343.899386, -1846.339801, 362.880849]
[1371.783898, -1679.470203, 377.889443]
[926.218508, -2026.744334, 511.341057]
[1329.615528, -1502.188572, 437.368845]
[1210.260035, -1517.858377, 424.220199]
[930.431864, -2025.764005, 505.855483]
