257.084479
101.717239
14.659152
13.3127
6.092229
2.93982
2.486957
1.613051
0.673949
0.600222
0.583012
0.578486
0.426677
0.308166
0.29334
0.286674
0.249679
0.213885
0.062361
0.049096
0.047196
0.037322
0.019987
0.01688
0.014708
0.014152
0.012715
0.007819
0.005346
0.003744
0.003293
0.003198
0.002567
0.002567
0.002422
0.002404
0.002404
0.002404
0.00142
0.00142
0.00142
0.00142
0.00142
0.00142
0.00142
0.00142
0.00142
0.00142
0.00142
0.00142
0.00142
0.00142
0.00142
0.00142
0.00142
0.00142
0.00142
0.00142
0.00142
0.00142
0.00142
0.00142
0.00142
0.00142
0.00142
0.00142
0.00142
0.00142
0.00142
0.00142
0.00142
0.00142
0.00142
0.00142
0.00142
0.00142
0.00142
0.00142
0.00142
0.00142
0.00142
0.00142
0.00142
0.00142
0.00142
0.00142
0.00142
0.00142
0.00142
0.00142
0.00142
0.00142
0.00142
0.00142
0.00142
0.00142
0.00142
0.00142
0.00142
0.00142
